40
0 108 42 115 104 114 71 131 113 47 59 149 65 895 854 874 841 846 869 800 817 1116 1004 1045 1095 1097 1724 1665 1697 1669 1695 1065 1106 1124 1053 1122 1102 1079 1102 1106
108 0 67 183 80 147 114 89 131 78 50 238 158 983 942 956 926 926 956 886 907 1220 1103 1148 1194 1197 1831 1771 1803 1775 1801 1162 1201 1222 1150 1218 1196 1174 1198 1202
42 67 0 129 74 109 66 98 100 37 23 177 100 932 891 910 878 880 906 837 855 1158 1044 1086 1135 1138 1765 1706 1738 1710 1736 1104 1145 1164 1093 1162 1141 1118 1142 1146
115 183 129 0 119 53 69 137 72 157 152 67 159 936 895 926 888 900 913 846 856 1119 1019 1048 1110 1113 1705 1648 1679 1657 1679 1086 1130 1144 1075 1145 1129 1105 1128 1130
104 80 74 119 0 72 57 27 53 110 82 184 169 999 957 979 945 950 973 904 921 1211 1102 1139 1193 1196 1809 1751 1783 1758 1782 1165 1206 1224 1154 1223 1203 1180 1204 1207
114 147 109 53 72 0 44 86 20 144 128 120 172 978 936 964 928 938 954 886 898 1169 1067 1098 1158 1161 1758 1700 1732 1709 1731 1132 1176 1191 1122 1192 1174 1151 1174 1176
71 114 66 69 57 44 0 82 42 100 87 129 133 952 910 935 900 907 927 859 873 1156 1049 1084 1140 1143 1752 1694 1726 1701 1725 1113 1155 1172 1102 1172 1153 1130 1153 1156
131 89 98 137 27 86 82 0 66 133 103 204 196 1026 984 1005 972 977 1000 931 948 1237 1129 1165 1220 1223 1834 1776 1808 1783 1806 1191 1233 1251 1181 1250 1230 1207 1230 1234
113 131 100 72 53 20 42 66 0 137 118 140 175 989 947 974 938 947 965 897 910 1185 1081 1114 1173 1175 1776 1718 1750 1727 1749 1146 1189 1205 1136 1205 1187 1164 1187 1190
47 78 37 157 110 144 100 133 137 0 31 196 80 907 866 882 851 852 880 810 830 1142 1025 1071 1116 1119 1755 1696 1728 1698 1725 1084 1124 1144 1072 1141 1119 1096 1120 1125
59 50 23 152 82 128 87 103 118 31 0 200 108 938 897 913 882 883 911 842 861 1170 1054 1098 1145 1148 1781 1721 1753 1724 1751 1114 1154 1174 1102 1170 1149 1126 1150 1155
149 238 177 67 184 120 129 204 140 196 200 0 168 886 845 881 841 857 864 799 806 1056 960 985 1050 1053 1638 1581 1613 1592 1612 1028 1073 1086 1018 1088 1073 1049 1072 1073
65 158 100 159 169 172 133 196 175 80 108 168 0 832 791 810 777 781 806 736 755 1062 946 991 1037 1039 1676 1616 1648 1618 1646 1005 1045 1065 994 1062 1041 1018 1042 1046
895 983 932 936 999 978 952 1026 989 907 938 886 832 0 41 96 72 124 35 101 81 400 241 354 298 299 1033 967 997 937 989 240 255 293 225 273 238 220 245 258
854 942 891 895 957 936 910 984 947 866 897 845 791 41 0 96 51 114 30 65 41 415 255 364 321 322 1056 990 1021 963 1013 266 287 322 252 305 272 253 277 290
874 956 910 926 979 964 935 1005 974 882 913 881 810 96 96 0 55 36 69 92 124 494 336 449 389 390 1122 1057 1087 1024 1078 329 337 378 315 355 316 302 325 341
841 926 878 888 945 928 900 972 938 851 882 841 777 72 51 55 0 64 37 43 71 465 305 415 368 369 1103 1037 1068 1008 1060 311 327 365 296 345 309 292 316 330
846 926 880 900 950 938 907 977 947 852 883 857 781 124 114 36 64 0 92 87 133 523 364 475 420 421 1155 1089 1119 1058 1111 361 371 412 347 389 351 336 359 375
869 956 906 913 973 954 927 1000 965 880 911 864 806 35 30 69 37 92 0 70 68 431 272 383 332 333 1067 1001 1032 972 1024 274 290 328 260 308 272 255 279 293
800 886 837 846 904 886 859 931 897 810 842 799 736 101 65 92 43 87 70 0 56 473 314 418 384 385 1117 1052 1082 1026 1075 330 351 386 316 370 336 317 342 354
817 907 855 856 921 898 873 948 910 830 861 806 755 81 41 124 71 133 68 56 0 419 261 363 335 336 1065 1000 1031 976 1024 283 310 342 269 328 298 277 302 312
1116 1220 1158 1119 1211 1169 1156 1237 1185 1142 1170 1056 1062 400 415 494 465 523 431 473 419 0 160 71 124 126 650 585 617 570 611 182 211 171 194 204 239 234 226 206
1004 1103 1044 1019 1102 1067 1049 1129 1081 1025 1054 960 946 241 255 336 305 364 272 314 261 160 0 116 91 94 805 740 771 718 764 82 134 130 81 143 150 131 142 132
1045 1148 1086 1048 1139 1098 1084 1165 1114 1071 1098 985 991 354 364 449 415 475 383 418 363 71 116 0 127 129 716 651 683 639 678 168 211 181 176 210 236 224 224 206
1095 1194 1135 1110 1193 1158 1140 1220 1173 1116 1145 1050 1037 298 321 389 368 420 332 384 335 124 91 127 0 3 735 670 700 642 692 61 87 55 75 84 115 110 102 82
1097 1197 1138 1113 1196 1161 1143 1223 1175 1119 1148 1053 1039 299 322 390 369 421 333 385 336 126 94 129 3 0 734 669 699 640 691 61 86 52 75 82 114 109 101 81
1724 1831 1765 1705 1809 1758 1752 1834 1776 1755 1781 1638 1676 1033 1056 1122 1103 1155 1067 1117 1065 650 805 716 735 734 0 66 37 123 50 793 789 745 808 772 813 823 803 784
1665 1771 1706 1648 1751 1700 1694 1776 1718 1696 1721 1581 1616 967 990 1057 1037 1089 1001 1052 1000 585 740 651 670 669 66 0 32 81 32 728 723 680 742 707 748 758 737 719
1697 1803 1738 1679 1783 1732 1726 1808 1750 1728 1753 1613 1648 997 1021 1087 1068 1119 1032 1082 1031 617 771 683 700 699 37 32 0 89 15 758 753 709 772 736 777 787 767 748
1669 1775 1710 1657 1758 1709 1701 1783 1727 1698 1724 1592 1618 937 963 1024 1008 1058 972 1026 976 570 718 639 642 640 123 81 89 0 74 697 688 646 712 670 711 723 701 683
1695 1801 1736 1679 1782 1731 1725 1806 1749 1725 1751 1612 1646 989 1013 1078 1060 1111 1024 1075 1024 611 764 678 692 691 50 32 15 74 0 750 744 700 764 727 768 778 757 739
1065 1162 1104 1086 1165 1132 1113 1191 1146 1084 1114 1028 1005 240 266 329 311 361 274 330 283 182 82 168 61 61 793 728 758 697 750 0 52 60 14 63 70 56 60 50
1106 1201 1145 1130 1206 1176 1155 1233 1189 1124 1154 1073 1045 255 287 337 327 371 290 351 310 211 134 211 87 86 789 723 753 688 744 52 0 46 57 18 29 35 16 5
1124 1222 1164 1144 1224 1191 1172 1251 1205 1144 1174 1086 1065 293 322 378 365 412 328 386 342 171 130 181 55 52 745 680 709 646 700 60 46 0 73 34 74 79 62 41
1053 1150 1093 1075 1154 1122 1102 1181 1136 1072 1102 1018 994 225 252 315 296 347 260 316 269 194 81 176 75 75 808 742 772 712 764 14 57 73 0 70 69 51 62 56
1122 1218 1162 1145 1223 1192 1172 1250 1205 1141 1170 1088 1062 273 305 355 345 389 308 370 328 204 143 210 84 82 772 707 736 670 727 63 18 34 70 0 42 53 31 16
1102 1196 1141 1129 1203 1174 1153 1230 1187 1119 1149 1073 1041 238 272 316 309 351 272 336 298 239 150 236 115 114 813 748 777 711 768 70 29 74 69 42 0 23 13 34
1079 1174 1118 1105 1180 1151 1130 1207 1164 1096 1126 1049 1018 220 253 302 292 336 255 317 277 234 131 224 110 109 823 758 787 723 778 56 35 79 51 53 23 0 25 39
1102 1198 1142 1128 1204 1174 1153 1230 1187 1120 1150 1072 1042 245 277 325 316 359 279 342 302 226 142 224 102 101 803 737 767 701 757 60 16 62 62 31 13 25 0 21
1106 1202 1146 1130 1207 1176 1156 1234 1190 1125 1155 1073 1046 258 290 341 330 375 293 354 312 206 132 206 82 81 784 719 748 683 739 50 5 41 56 16 34 39 21 0
0 0 0 3 0 120 0 280 179 392 1 0 0 0 0 0 1 0 394 0 0 47 59 736 184 0 0 0 3 0 0 3 0 6 0 269 1 0 1 0
0 0 0 0 0 172 0 0 0 0 0 439 0 319 0 0 9 0 408 4 0 0 4 0 0 0 0 662 7 6 4 0 0 6888 277 0 1 18 4 46
0 16 0 6 0 0 0 3141 0 513 503 0 177 0 0 0 0 0 0 20 241 2 18 1546 0 0 0 0 1291 8 0 43 0 0 4 0 0 402 0 0
0 6 0 0 0 0 2 0 4 233 11 0 0 0 2018 1254 0 0 0 3 0 7030 0 6 0 1807 0 0 0 0 38 2161 0 0 0 0 0 0 0 0
140 0 8 0 0 163 0 0 40 0 396 2 0 0 1 4802 0 0 0 57 0 172 0 0 0 0 0 0 920 0 8 0 9 0 379 0 1 0 0 0
1 0 943 0 0 0 0 0 271 0 7942 13 0 0 0 1 0 0 0 0 2 1054 198 5135 0 0 0 0 0 59 649 25 0 2612 0 5 0 13 0 0
399 0 0 3068 8088 1 0 70 4220 0 14 0 0 73 0 0 0 0 3 0 1423 0 4 0 0 0 0 3293 0 1 0 0 724 2337 0 5054 0 76 0 0
0 0 0 0 0 102 1 0 0 0 0 0 2765 0 20 0 48 0 66 0 1 0 0 65 0 0 0 15 20 35 2 1 0 1222 1 0 2 0 0 0
3 33 0 717 725 1039 1027 0 0 2 0 3365 2 0 0 4591 2587 6 0 1275 0 1 75 332 0 0 0 510 0 0 18 0 4 0 0 0 74 2470 0 0
14 0 44 1226 0 442 0 3766 12 0 0 0 0 0 1 17 2232 0 0 0 0 0 0 0 1 444 0 1 4 0 16 0 2 0 0 0 5 1221 4842 1
0 1566 0 0 0 62 0 0 0 7111 0 0 0 0 0 0 0 13 17 2571 5911 0 0 0 671 0 0 899 0 0 5 0 0 0 1785 0 2 15 0 0
0 75 210 1 2 0 0 7 0 0 0 0 0 0 0 1 0 21 1 0 846 7249 1631 0 0 0 0 0 2 0 9 0 1185 0 40 0 0 0 0 0
0 0 0 1 2 0 2 0 0 137 481 0 0 6 0 18 0 2 0 5 0 0 0 5 0 1013 0 0 0 6 11 0 0 558 0 1817 337 0 0 0
0 1 0 0 1 0 0 199 1 1 237 0 39 0 0 0 0 0 0 0 0 0 0 5 111 5 106 0 0 0 0 30 0 3928 167 0 1 162 0 0
0 22 0 0 34 0 0 0 0 52 21 0 0 0 0 0 0 0 7362 45 4 12 0 16 0 31 0 0 1171 0 0 0 549 3 6610 0 0 0 489 0
170 517 2981 6186 25 0 30 4137 0 1122 19 0 0 0 0 0 0 0 113 3 1 6685 0 85 461 0 9 0 0 6250 2 7451 583 0 4 0 0 0 0 0
0 0 0 665 0 2 0 1 0 1 0 1 27 8 2 0 0 0 0 0 0 0 734 10 2 368 0 0 0 0 0 0 11 17 0 3423 6 0 0 236
57 1 952 1685 0 1601 0 50 0 5539 0 1 0 0 0 0 17 0 12 0 0 55 0 2397 0 0 6937 0 0 1 0 0 0 0 1155 0 1562 0 2876 40
2049 181 55 117 9 0 0 0 184 0 0 0 0 1 9 81 7233 0 0 0 0 0 0 0 0 121 0 0 0 0 3 12 1037 0 0 428 2 0 0 104
0 0 1083 185 0 134 0 0 0 2 52 0 1389 0 0 736 97 0 0 0 1464 1 0 1 1106 488 1256 19 0 0 18 0 0 6 0 35 1371 302 2 50
0 0 23 0 1 338 20 1 0 974 197 0 0 0 0 0 103 0 3178 1511 0 1905 201 3833 0 0 24 0 0 0 0 0 1 0 0 0 6 0 9 0
483 0 9 0 0 10 0 0 0 0 2 4 36 0 0 1 0 29 0 0 0 0 0 0 0 0 0 1 69 20 191 706 227 0 154 3 42 11 0 7384
280 0 2 146 0 0 0 70 0 0 7 0 0 0 5160 0 0 588 0 0 61 0 0 426 0 1 6064 1 3252 2 0 1 0 0 6392 23 1 628 0 1
0 0 0 339 0 0 0 44 831 0 1185 0 0 0 2386 206 0 40 0 1057 452 0 0 0 0 537 5 117 1 0 13 87 1 0 9 0 104 0 11 0
871 246 0 0 0 0 31 0 0 924 0 0 584 820 39 0 0 0 0 0 17 0 9 0 0 327 19 0 2440 0 22 7 789 123 4 0 0 35 0 0
2638 1 5 8 1 4 0 0 0 0 0 5 0 1 0 1 0 0 406 0 0 453 6615 0 0 0 0 0 6 0 0 500 0 3 0 747 480 2 0 0
4608 93 1 0 0 0 4 0 0 8 0 0 0 0 0 0 7 3 0 0 3 223 1 0 451 1425 0 0 785 0 151 0 0 1 0 2 0 0 0 182
0 47 0 2 0 5256 0 3 66 12 0 0 0 11 175 9 295 0 0 58 3549 0 0 0 0 0 0 0 0 525 0 3 456 0 1 0 0 0 771 2
0 0 0 0 0 0 8 0 0 0 0 0 0 0 3227 1 0 0 0 1400 0 142 0 0 0 0 0 0 0 0 0 1 0 3 0 1902 31 0 0 343
5087 0 3 4 0 5 0 0 1065 3375 2120 201 0 0 0 0 0 3 0 0 1 0 1 0 150 106 0 0 0 0 0 5962 3 0 0 0 9 0 0 0
2 227 0 237 0 60 1896 0 0 0 0 0 0 0 178 0 2797 0 0 27 3 3327 1408 0 0 0 0 0 240 0 0 0 170 0 0 1 8 0 1017 0
0 0 0 1748 0 0 1182 1 0 0 27 0 835 22 4892 0 2424 0 543 27 3 0 0 0 0 0 0 0 386 2219 3 0 792 2850 74 0 262 4106 1 0
209 0 8 0 0 0 9 59 0 275 6 0 3 0 473 0 0 1 4 17 0 0 0 6 0 1706 2 1478 303 4 0 1386 0 49 0 1 0 0 7 3
0 0 295 926 0 0 0 0 36 2063 51 38 0 0 152 1 0 0 0 0 3 0 65 2 20 0 402 0 0 35 2 0 0 0 0 1 0 0 1 0
3 0 0 4 125 3 1172 25 0 304 7 0 0 380 108 0 747 0 67 0 89 5296 0 0 482 39 1 0 0 0 0 0 2 0 0 2919 0 0 1 0
0 0 335 0 0 0 1 38 0 0 0 4238 194 10 27 0 0 0 0 0 1 5626 0 0 33 0 0 0 1 0 0 0 0 0 4373 0 294 0 2070 0
2 5 3139 2 5 665 0 0 0 0 1 0 0 1 0 0 24 0 0 0 0 1111 1584 0 1344 44 128 29 65 982 1 0 0 135 0 0 0 0 29 0
0 306 27 1231 4 0 0 401 0 33 0 34 0 3 90 11 0 259 462 0 0 2 0 1 43 0 279 13 0 0 0 1 0 0 0 0 431 0 0 0
0 6 0 0 30 2 0 0 1 690 0 0 0 0 12 3258 804 0 0 0 0 0 0 407 1326 0 0 1 0 0 46 0 857 0 1 1 0 20 0 3
0 939 2181 0 18 0 0 0 0 0 0 4 22 0 0 2 0 30 0 0 0 1 34 16 4791 1 0 0 0 3 0 0 0 0 0 0 0 0 0 0