40
0 15 18 276 265 278 276 257 193 199 209 324 285 242 234 197 274 273 215 294 241 830 816 839 776 836 801 810 795 813 822 243 182 251 1125 1142 1131 1126 1139 1113
15 0 31 276 263 277 280 257 191 202 206 327 283 244 236 195 271 273 220 295 243 833 820 844 781 840 805 815 799 817 826 239 182 248 1118 1135 1124 1120 1132 1106
18 31 0 286 277 288 280 266 206 207 221 331 297 250 241 208 285 282 219 303 249 834 820 843 780 840 806 813 798 817 826 257 192 264 1140 1157 1146 1141 1154 1128
276 276 286 0 33 8 92 20 92 88 81 74 46 50 63 83 40 8 107 28 52 572 563 588 522 582 542 563 544 557 569 86 95 56 885 902 892 883 898 871
265 263 277 33 0 27 121 37 73 95 59 107 23 69 80 69 12 39 123 60 70 598 590 614 549 608 568 590 571 583 595 53 86 23 880 896 886 878 893 866
278 277 288 8 27 0 100 25 91 93 79 80 38 56 69 83 33 16 113 33 58 574 566 590 525 584 544 566 547 559 571 80 96 50 880 897 887 878 893 866
276 280 280 92 121 100 0 85 143 84 141 65 138 60 58 127 131 84 62 77 60 554 540 564 500 560 526 534 519 537 546 167 122 138 951 968 959 947 964 937
257 257 266 20 37 25 85 0 77 68 68 83 57 33 45 65 48 16 90 40 35 588 578 602 537 597 558 577 559 572 583 83 75 53 905 921 912 902 918 891
193 191 206 92 73 91 143 77 0 71 16 160 92 84 85 16 81 92 110 117 84 664 655 679 614 673 634 654 636 649 660 58 32 58 941 958 947 941 954 928
199 202 207 88 95 93 84 68 71 0 76 125 118 43 34 55 107 82 39 99 42 632 619 644 580 639 603 615 599 616 625 116 42 98 972 989 979 970 986 959
209 206 221 81 59 79 141 68 16 76 0 151 77 81 85 23 66 82 115 107 82 653 644 669 604 663 623 644 625 638 650 44 43 42 925 942 932 925 939 912
324 327 331 74 107 80 65 83 160 125 151 0 113 84 91 146 112 71 119 47 84 509 497 522 457 517 479 495 478 493 503 160 151 130 887 904 895 882 900 872
285 283 297 46 23 38 138 57 92 118 77 113 0 90 101 90 12 54 145 68 91 589 582 607 541 600 559 584 564 574 588 57 108 35 856 873 863 855 870 843
242 244 250 50 69 56 60 33 84 43 81 84 90 0 12 68 80 43 57 55 2 592 581 605 541 600 563 578 561 576 587 108 68 81 935 952 942 932 948 921
234 236 241 63 80 69 58 45 85 34 85 91 101 12 0 69 92 55 44 67 11 598 586 611 546 606 570 583 566 582 592 116 65 91 947 964 954 945 960 933
197 195 208 83 69 83 127 65 16 55 23 146 90 68 69 0 78 81 94 106 69 653 643 667 602 662 623 641 624 637 649 66 21 58 944 961 950 943 957 931
274 271 285 40 12 33 131 48 81 107 66 112 12 80 92 78 0 47 135 66 82 595 588 613 547 606 565 590 570 581 594 51 96 25 868 885 875 867 882 855
273 273 282 8 39 16 84 16 92 82 82 71 54 43 55 81 47 0 99 25 44 572 563 587 522 581 542 562 544 557 568 91 91 60 893 909 900 890 906 878
215 220 219 107 123 113 62 90 110 39 115 119 145 57 44 94 135 99 0 107 55 615 601 625 562 621 587 595 580 599 607 152 80 131 990 1007 997 987 1003 976
294 295 303 28 60 33 77 40 117 99 107 47 68 55 67 106 66 25 107 0 57 547 538 562 497 556 518 537 519 532 543 113 114 83 884 900 891 880 897 869
241 243 249 52 70 58 60 35 84 42 82 84 91 2 11 69 82 44 55 57 0 593 581 605 541 601 564 578 561 577 587 109 68 83 936 953 943 934 950 922
830 833 834 572 598 574 554 588 664 632 653 509 589 592 598 653 595 572 615 547 593 0 33 39 56 23 31 65 54 19 30 646 659 620 775 787 786 755 782 756
816 820 820 563 590 566 540 578 655 619 644 497 582 581 586 643 588 563 601 538 581 33 0 25 41 21 42 33 24 21 6 639 648 612 804 817 815 785 811 785
839 844 843 588 614 590 564 602 679 644 669 522 607 605 611 667 613 587 625 562 605 39 25 0 66 15 61 39 45 39 20 664 673 637 813 825 824 793 819 794
776 781 780 522 549 525 500 537 614 580 604 457 541 541 546 602 547 522 562 497 541 56 41 66 0 60 38 53 28 38 46 598 608 572 794 807 805 776 802 775
836 840 840 582 608 584 560 597 673 639 663 517 600 600 606 662 606 581 621 556 601 23 21 15 60 0 48 48 45 27 15 657 668 630 798 810 808 778 804 779
801 805 806 542 568 544 526 558 634 603 623 479 559 563 570 623 565 542 587 518 564 31 42 61 38 48 0 72 51 22 44 615 630 590 764 777 775 745 771 745
810 815 813 563 590 566 534 577 654 615 644 495 584 578 583 641 590 562 595 537 578 65 33 39 53 48 72 0 25 54 36 641 646 613 836 849 847 817 843 817
795 799 798 544 571 547 519 559 636 599 625 478 564 561 566 624 570 544 580 519 561 54 24 45 28 45 51 25 0 37 30 621 629 594 815 828 826 796 822 796
813 817 817 557 583 559 537 572 649 616 638 493 574 576 582 637 581 557 599 532 577 19 21 39 38 27 22 54 37 0 22 631 643 605 783 795 794 763 790 764
822 826 826 569 595 571 546 583 660 625 650 503 588 587 592 649 594 568 607 543 587 30 6 20 46 15 44 36 30 22 0 644 654 618 803 816 814 784 810 784
243 239 257 86 53 80 167 83 58 116 44 160 57 108 116 66 51 91 152 113 109 646 639 664 598 657 615 641 621 631 644 0 87 30 885 902 891 885 899 872
182 182 192 95 86 96 122 75 32 42 43 151 108 68 65 21 96 91 80 114 68 659 648 673 608 668 630 646 629 643 654 87 0 79 964 981 970 963 977 951
251 248 264 56 23 50 138 53 58 98 42 130 35 81 91 58 25 60 131 83 83 620 612 637 572 630 590 613 594 605 618 30 79 0 885 902 892 885 899 872
1125 1118 1140 885 880 880 951 905 941 972 925 887 856 935 947 944 868 893 990 884 936 775 804 813 794 798 764 836 815 783 803 885 964 885 0 17 11 28 14 19
1142 1135 1157 902 896 897 968 921 958 989 942 904 873 952 964 961 885 909 1007 900 953 787 817 825 807 810 777 849 828 795 816 902 981 902 17 0 14 33 6 33
1131 1124 1146 892 886 887 959 912 947 979 932 895 863 942 954 950 875 900 997 891 943 786 815 824 805 808 775 847 826 794 814 891 970 892 11 14 0 38 15 30
1126 1120 1141 883 878 878 947 902 941 970 925 882 855 932 945 943 867 890 987 880 934 755 785 793 776 778 745 817 796 763 784 885 963 885 28 33 38 0 27 19
1139 1132 1154 898 893 893 964 918 954 986 939 900 870 948 960 957 882 906 1003 897 950 782 811 819 802 804 771 843 822 790 810 899 977 899 14 6 15 27 0 28
1113 1106 1128 871 866 866 937 891 928 959 912 872 843 921 933 931 855 878 976 869 922 756 785 794 775 779 745 817 796 764 784 872 951 872 19 33 30 19 28 0
0 33 0 1909 4 1 21 0 0 0 0 0 3 8 0 3 1 0 5987 57 23 6041 6 151 134 0 0 0 209 0 267 561 0 0 22 0 454 11 1 0
0 0 0 494 0 1 124 3826 92 0 167 78 0 0 0 0 2 107 0 3604 2096 192 2 4 6 5 1399 6057 2 34 0 20 0 0 0 0 0 24 0 0
1 0 0 11 0 0 590 1480 0 714 0 0 1030 0 1 3 0 3019 3 27 0 0 0 2 0 675 0 74 102 0 0 0 394 0 0 0 0 0 2 3939
72 430 0 0 0 0 1 6638 3 0 1441 72 0 131 0 0 4 0 0 234 2071 1674 0 0 340 0 490 39 1065 0 1 0 237 0 1949 0 0 0 24 146
0 0 0 0 0 0 50 6 4238 217 0 0 7 1 0 0 10 0 0 2 0 0 0 0 1 0 0 21 4 0 43 0 0 0 1 3484 0 1 0 0
0 76 0 0 0 0 0 0 333 0 5133 0 0 0 0 0 0 11 0 4929 0 85 0 0 5 0 3 2 16 167 348 0 0 0 0 9 0 0 0 0
26 0 0 0 0 0 0 6079 0 1 0 0 10 301 123 2238 0 70 149 0 0 0 149 0 0 1 551 11 0 0 0 16 205 159 116 0 0 0 212 0
3 2358 790 0 0 79 0 0 0 0 0 0 0 0 560 11 0 0 0 4 10 0 0 62 0 0 0 1 150 34 344 1 0 1 0 0 0 0 0 0
4 19 4742 2 0 0 7787 1 0 0 769 0 0 2 5613 0 2015 188 0 0 0 7 47 0 974 0 0 0 0 976 0 2302 0 0 0 30 9 0 0 0
0 1 1 487 2039 0 0 966 1564 0 0 117 0 0 614 0 0 1477 0 0 0 2 0 0 0 0 0 606 0 0 0 1 0 0 0 0 0 0 24 0
0 1708 0 0 0 3 750 539 1047 418 0 2040 0 0 0 36 0 0 0 31 0 0 0 0 0 3 0 411 1806 0 0 7 0 2 0 0 0 2193 4 0
120 0 0 38 0 5 1 0 0 116 0 0 0 71 116 0 0 12 0 0 0 0 0 3 0 2 688 430 0 10 2 0 138 0 3 0 0 0 0 0
0 0 0 0 45 0 12 199 2 2351 34 8 0 0 0 0 0 0 92 0 112 11 129 2 0 0 0 0 0 0 1 0 29 0 0 256 0 1943 0 0
698 283 1 0 0 7 2461 1 339 0 0 55 0 0 0 268 0 55 2333 34 0 0 234 0 0 0 186 1 0 0 253 0 0 0 0 648 0 2059 0 4
924 0 0 0 0 4 0 0 0 128 0 0 0 0 0 3 0 0 0 486 0 0 69 0 8 1900 80 0 1 0 0 2 0 0 0 0 0 0 238 2779
0 0 0 0 7 4 74 0 426 1 0 0 0 0 151 0 83 18 0 27 0 0 1061 328 0 1 0 1 28 0 2189 0 5770 1 1 0 0 0 1 0
0 0 11 6 0 0 1 2 0 0 101 0 257 0 0 0 0 0 5 0 0 4 0 0 711 13 0 0 0 0 58 0 0 39 1 513 0 1 11 0
10 0 0 0 301 0 0 841 0 0 0 0 0 0 350 0 98 0 494 602 0 0 93 627 537 0 0 136 1603 0 0 4656 40 0 0 0 0 0 56 0
2 341 0 89 8 0 0 1288 55 0 0 0 0 1 0 2127 0 0 0 0 0 16 3 3 2 1831 7 5919 0 1 0 151 0 0 0 0 1 0 375 0
0 0 0 75 0 0 106 36 1319 0 0 0 0 0 809 0 0 3912 74 0 0 0 4 0 33 2 0 1 0 1 1 44 1 34 0 0 10 501 0 0
370 0 0 0 8 2 0 8 0 0 0 238 0 3949 389 2 0 0 0 1 0 0 0 3502 0 0 0 0 0 0 5 3 1325 9 0 7 0 0 7998 0
1 0 0 0 0 2 1678 0 5 294 1 0 56 0 0 0 2 7213 0 0 209 0 4077 0 5239 660 12 0 0 0 0 60 0 0 4013 0 0 0 0 0
11 4928 0 1750 2814 1117 1206 20 2 0 0 0 0 1 0 1025 47 0 0 1088 0 41 0 0 4 307 20 0 2 0 38 0 338 0 0 49 0 2101 480 0
24 0 0 2378 0 0 695 0 0 0 1 1 0 47 0 0 0 0 0 0 190 0 0 0 0 87 0 94 62 489 17 0 0 0 0 0 1 0 0 0
0 1532 11 985 0 3527 0 0 0 0 0 0 1 1 1 0 6 0 97 0 3 0 0 3 0 0 0 0 0 0 3 1 6037 0 541 0 0 0 0 0
40 135 0 3 7204 0 7191 91 0 2 0 0 2 35 0 83 0 6 0 0 6072 1 2178 0 486 0 229 1898 0 0 0 0 0 0 0 1 0 134 0 5236
910 51 806 1238 336 36 0 394 48 35 0 0 0 121 0 228 0 82 0 109 0 1 0 0 0 4 0 0 146 2202 1 0 4513 1668 0 0 0 0 0 0
0 0 0 0 728 0 0 0 0 0 0 4399 0 0 0 0 0 0 0 0 0 116 2 0 0 0 0 0 0 0 0 0 0 0 9 0 185 12 4 0
0 0 142 0 0 0 0 9 0 140 0 0 7393 5450 0 4 7024 444 0 458 19 4 0 0 0 322 0 0 0 2572 0 37 3 1948 0 0 3 8 0 0
0 3430 0 0 0 0 0 83 6 0 0 0 48 76 2 0 101 0 0 0 1 3497 0 0 0 14 0 0 5 0 0 0 0 0 0 0 0 0 1 36
0 0 0 0 0 7 0 274 0 24 8 0 0 124 6 0 1 5132 0 1 5 598 0 1 0 3 0 0 152 0 0 63 0 0 1175 0 0 0 1485 321
15 10 0 12 0 1 3 3 0 0 0 1 0 414 4 43 0 0 5529 0 101 0 77 0 5328 7 0 0 0 0 3 0 0 0 0 5670 0 1500 0 0
284 267 21 0 1 5 0 0 1 8 0 0 2753 0 0 16 0 0 0 0 0 0 1 0 0 0 0 8 0 0 0 0 0 0 9 0 367 0 0 0
0 0 0 1 3673 1 1 13 19 0 0 0 0 7 1 1 0 255 11 45 126 0 0 0 0 613 0 336 0 0 136 192 538 0 0 0 0 0 4155 8
2 16 0 0 380 0 0 631 0 0 3 0 0 769 2281 0 209 7 24 0 0 0 0 0 0 0 2 0 55 0 2 4593 0 0 0 171 1584 4255 4385 2110
0 23 0 0 4 0 0 0 0 0 0 0 335 0 0 7249 692 4726 0 0 897 0 0 0 0 0 0 17 712 620 0 0 0 0 0 0 415 0 0 2223
2003 0 2 0 7 0 1459 0 0 0 0 25 0 14 0 0 0 1588 0 0 0 0 59 1 129 1 0 872 0 3789 0 10 0 6 11 0 0 1 148 0
0 5670 0 0 0 0 0 0 0 127 0 0 3784 0 35 30 0 0 988 0 23 0 1 559 0 1 834 137 0 0 5 101 536 7 0 7810 752 0 160 22
5 12 296 11 0 0 3 22 0 1 0 3 16 0 2349 0 610 0 0 0 0 0 0 15 100 0 0 0 0 1021 417 0 0 877 1 0 0 1 0 51
0 4549 5714 0 0 912 0 20 0 1392 0 0 0 0 0 14 0 0 750 0 2 0 0 0 0 0 0 0 56 0 1012 118 257 0 347 253 32 6 0 0