40
0 53 43 67 90 62 52 55 72 40 60 109 505 484 510 518 435 501 496 435 500 519 190 187 128 177 284 207 288 192 143 140 179 174 536 539 543 538 539 573
53 0 40 117 133 110 90 104 123 91 93 162 490 473 494 502 423 490 483 419 481 499 216 225 174 210 318 235 321 231 178 183 217 215 509 514 519 511 516 546
43 40 0 107 132 80 55 77 97 81 101 144 527 508 531 539 459 525 519 456 519 537 231 230 170 219 326 249 330 234 185 182 222 216 549 553 558 551 554 585
67 117 107 0 37 62 82 54 50 27 50 50 505 479 511 518 433 497 494 437 506 525 149 130 64 126 229 163 233 132 94 78 123 114 550 552 555 553 549 588
90 133 132 37 0 98 116 91 86 55 43 69 474 446 481 487 401 465 463 407 477 496 113 98 42 91 196 127 200 102 58 50 90 84 524 525 528 527 521 562
62 110 80 62 98 0 30 9 20 51 95 73 556 532 561 569 484 550 546 486 554 572 211 190 121 187 288 225 292 190 155 136 183 171 593 595 599 595 594 630
52 90 55 82 116 30 0 31 50 63 102 102 557 535 562 569 487 553 548 487 553 571 227 212 145 207 311 242 315 214 174 160 205 195 588 591 596 590 591 625
55 104 77 54 91 9 31 0 20 42 86 71 547 523 552 560 475 541 537 478 545 564 203 184 115 180 282 217 286 184 148 130 176 166 584 587 591 586 586 622
72 123 97 50 86 20 50 20 0 49 92 52 552 527 558 565 480 545 542 484 552 570 198 174 103 173 271 211 275 173 142 120 167 154 593 596 599 596 594 631
40 91 81 27 55 51 63 42 49 0 44 72 505 480 511 518 433 499 495 436 504 522 164 153 90 145 251 180 255 156 112 102 145 138 544 547 550 547 545 582
60 93 101 50 43 95 102 86 92 44 0 99 461 436 467 474 389 455 451 392 460 479 130 132 86 119 227 148 230 139 86 92 124 122 502 504 507 505 502 540
109 162 144 50 69 73 102 71 52 72 99 0 542 513 549 555 469 532 530 476 546 564 169 133 64 138 227 178 231 129 112 80 127 112 593 595 597 596 590 631
505 490 527 505 474 556 557 547 552 505 461 542 0 46 12 13 74 33 19 71 44 48 386 442 486 423 416 387 413 454 436 473 442 461 120 110 100 123 89 143
484 473 508 479 446 532 535 523 527 480 436 513 46 0 57 57 50 19 27 68 85 93 353 407 455 389 375 352 373 419 404 441 408 427 163 155 145 167 134 189
510 494 531 511 481 561 562 552 558 511 467 549 12 57 0 10 82 44 31 75 35 37 394 451 494 431 426 396 423 462 443 481 451 469 109 99 88 112 77 132
518 502 539 518 487 569 569 560 565 518 474 555 13 57 10 0 88 41 30 83 44 43 400 456 500 436 429 401 426 467 449 487 456 474 114 104 92 117 82 135
435 423 459 433 401 484 487 475 480 433 389 469 74 50 82 88 0 66 62 32 93 108 312 368 412 348 345 313 343 380 361 399 368 387 167 161 155 170 146 199
501 490 525 497 465 550 553 541 545 499 455 532 33 19 44 41 66 0 16 77 77 82 372 427 475 408 394 372 392 438 424 461 428 446 153 144 133 156 122 176
496 483 519 494 463 546 548 537 542 495 451 530 19 27 31 30 62 16 0 67 61 67 372 428 474 409 399 373 397 440 423 460 428 447 138 129 119 142 108 163
435 419 456 437 407 486 487 478 484 436 392 476 71 68 75 83 32 77 67 0 73 90 324 382 422 361 366 328 364 394 371 409 381 399 141 136 132 144 124 175
500 481 519 506 477 554 553 545 552 504 460 546 44 85 35 44 93 77 61 73 0 19 397 454 493 433 437 400 435 466 443 481 454 472 79 71 63 82 53 107
519 499 537 525 496 572 571 564 570 522 479 564 48 93 37 43 108 82 67 90 19 0 415 472 511 451 453 418 451 484 461 499 472 490 72 62 51 75 41 95
190 216 231 149 113 211 227 203 198 164 130 169 386 353 394 400 312 372 372 324 397 415 0 58 106 36 108 20 110 71 57 90 57 75 455 454 453 457 446 492
187 225 230 130 98 190 212 184 174 153 132 133 442 407 451 456 368 427 428 382 454 472 58 0 71 25 98 55 102 13 48 54 8 22 513 512 511 516 503 550
128 174 170 64 42 121 145 115 103 90 86 64 486 455 494 500 412 475 474 422 493 511 106 71 0 74 168 114 172 70 51 17 64 51 545 545 546 548 540 582
177 210 219 126 91 187 207 180 173 145 119 138 423 389 431 436 348 408 409 361 433 451 36 25 74 0 108 41 111 38 34 57 21 39 490 490 489 493 482 528
284 318 326 229 196 288 311 282 271 251 227 227 416 375 426 429 345 394 399 366 437 453 108 98 168 108 0 88 4 98 141 152 106 117 505 502 498 508 489 540
207 235 249 163 127 225 242 217 211 180 148 178 387 352 396 401 313 372 373 328 400 418 20 55 114 41 88 0 91 67 69 98 57 76 460 459 458 463 450 497
288 321 330 233 200 292 315 286 275 255 230 231 413 373 423 426 343 392 397 364 435 451 110 102 172 111 4 91 0 103 145 156 110 121 503 500 496 506 487 538
192 231 234 132 102 190 214 184 173 156 139 129 454 419 462 467 380 438 440 394 466 484 71 13 70 38 98 67 103 0 57 54 18 19 525 524 524 528 516 562
143 178 185 94 58 155 174 148 142 112 86 112 436 404 443 449 361 424 423 371 443 461 57 48 51 34 141 69 145 57 0 38 40 45 496 496 497 499 490 534
140 183 182 78 50 136 160 130 120 102 92 80 473 441 481 487 399 461 460 409 481 499 90 54 17 57 152 98 156 54 38 0 47 36 534 534 535 537 528 571
179 217 222 123 90 183 205 176 167 145 124 127 442 408 451 456 368 428 428 381 454 472 57 8 64 21 106 57 110 18 40 47 0 19 511 511 510 514 503 549
174 215 216 114 84 171 195 166 154 138 122 112 461 427 469 474 387 446 447 399 472 490 75 22 51 39 117 76 121 19 45 36 19 0 529 528 528 532 520 566
536 509 549 550 524 593 588 584 593 544 502 593 120 163 109 114 167 153 138 141 79 72 455 513 545 490 505 460 503 525 496 534 511 529 0 12 27 3 35 38
539 514 553 552 525 595 591 587 596 547 504 595 110 155 99 104 161 144 129 136 71 62 454 512 545 490 502 459 500 524 496 534 511 528 12 0 15 14 24 39
543 519 558 555 528 599 596 591 599 550 507 597 100 145 88 92 155 133 119 132 63 51 453 511 546 489 498 458 496 524 497 535 510 528 27 15 0 29 11 44
538 511 551 553 527 595 590 586 596 547 505 596 123 167 112 117 170 156 142 144 82 75 457 516 548 493 508 463 506 528 499 537 514 532 3 14 29 0 38 35
539 516 554 549 521 594 591 586 594 545 502 590 89 134 77 82 146 122 108 124 53 41 446 503 540 482 489 450 487 516 490 528 503 520 35 24 11 38 0 55
573 546 585 588 562 630 625 622 631 582 540 631 143 189 132 135 199 176 163 175 107 95 492 550 582 528 540 497 538 562 534 571 549 566 38 39 44 35 55 0
0 0 3345 0 0 0 87 56 10 1 0 0 2 0 3996 588 0 1 0 0 0 851 0 0 0 1370 0 0 35 134 2 11 0 0 13 973 1696 0 0 0
3 0 0 22 0 0 0 1 0 485 0 0 394 171 48 0 31 3892 269 3 0 0 0 7 0 4 0 0 0 0 0 2246 13 3200 0 3 0 0 0 5
3992 0 0 0 13 0 5 0 0 0 349 0 0 30 0 2 0 1882 2 0 10 0 4 0 1 11 446 1 1 0 0 0 0 0 0 730 107 0 0 0
1 0 0 0 0 7798 10 0 0 0 12 0 0 0 0 0 0 1 0 0 5 0 2315 149 6839 0 0 23 0 0 0 0 1 5344 1995 0 0 0 28 0
0 0 0 0 0 0 0 10 42 0 0 0 0 0 186 0 0 0 27 0 0 1 0 103 0 0 3 396 0 446 0 1 18 0 1256 6 452 0 406 0
9 0 0 2 0 0 0 7690 0 14 0 0 4522 0 26 74 0 3049 0 296 40 0 0 0 0 0 6 9 0 2 1 110 0 109 10 0 447 571 5069 6
0 0 0 1 2 709 0 0 0 0 0 221 0 1 7 0 232 0 0 976 0 11 149 0 2 0 1 0 36 0 0 0 0 213 129 0 0 0 0 0
1 19 0 48 52 0 0 0 0 606 0 0 0 0 0 0 24 0 2 0 131 13 0 0 0 0 41 1 0 0 0 5 0 0 0 0 19 0 0 0
0 347 0 338 0 1501 778 0 0 0 125 0 1137 0 0 3 0 0 1 0 0 0 0 1389 0 0 6741 0 0 240 0 0 1258 12 14 6358 6 185 1 633
9 4 324 0 0 0 1 0 0 0 0 684 69 0 0 189 0 0 1 0 0 0 12 0 48 0 0 725 0 0 0 0 0 0 0 0 17 0 0 0
5797 0 0 0 0 106 25 0 2 1224 0 36 1933 0 0 0 1361 7318 0 0 0 0 18 0 0 0 0 0 0 0 0 0 176 0 0 1549 5746 0 0 109
0 0 0 41 0 0 0 53 0 11 0 0 0 0 1358 0 0 258 1738 10 0 3 6 35 101 0 1171 0 3 0 0 1836 1 70 286 0 7 0 2 0
556 1 1654 0 0 0 362 320 52 0 18 31 0 0 0 0 0 0 0 0 0 832 129 0 265 42 0 16 0 83 0 0 0 53 987 0 0 1 0 40
39 207 8 906 0 146 1468 5 2332 0 7548 29 0 0 0 5 7 0 209 5 3916 0 20 2052 3 246 5 0 0 0 605 0 0 0 0 0 0 4048 20 193
0 0 28 0 2 0 2515 0 0 0 0 66 1 0 0 1012 0 102 0 0 708 4909 0 177 0 0 1 0 3929 0 2917 0 0 315 12 0 2056 0 0 55
6 0 0 0 0 7593 0 87 0 1 2 130 0 237 0 0 0 0 0 0 0 40 0 0 0 23 0 0 1684 42 0 0 0 0 1 1 13 1 0 0
0 0 7922 15 919 0 0 216 154 1741 0 2322 0 0 0 35 0 23 106 0 154 0 0 0 0 0 0 0 115 0 0 1 0 0 0 381 79 1 3678 0
0 0 569 318 0 0 0 0 0 56 0 0 49 9 29 0 0 0 7 1 6632 1158 1 0 0 238 0 0 0 0 133 0 14 0 2563 1 0 15 846 26
87 0 5 0 7 0 0 0 9 0 101 0 18 794 5993 2 0 2164 0 0 1147 0 0 383 0 0 71 46 0 847 0 0 0 0 2752 526 0 0 0 68
0 2 44 1 0 0 0 0 1844 0 0 0 0 0 0 2411 70 0 1 0 0 0 0 0 0 6 2 66 1520 22 248 170 0 0 5268 0 0 0 0 4755
0 1 7588 156 470 1 50 17 489 0 0 9 31 384 0 0 0 85 0 0 0 0 7428 1 0 0 552 0 0 4 801 6253 2560 6 2680 5 0 0 0 173
0 0 0 0 1391 320 8031 0 0 20 2 0 0 0 0 1 0 47 0 0 89 0 0 14 0 0 2 19 38 7 726 0 0 102 0 1213 0 0 0 0
0 6509 1 634 0 0 0 0 1151 0 0 0 0 709 0 0 1 0 30 0 23 29 0 0 0 1881 0 4843 379 0 1 5 1 0 1 0 0 0 0 134
264 6 0 7 1100 0 1671 3828 0 256 0 3 89 0 111 0 0 0 1464 140 0 0 0 0 0 47 0 2 1 0 514 0 0 0 4010 1 0 1676 0 0
0 2866 0 0 6700 95 0 0 28 0 0 0 0 0 44 0 0 0 0 9 0 7 852 8 0 4698 0 54 293 1 39 0 0 1358 4 0 1 0 0 0
0 0 0 4596 48 0 0 0 92 0 0 0 4 0 0 68 129 0 154 1 0 3421 0 17 0 0 574 0 0 0 21 0 0 2 3 0 0 0 0 0
1 3423 11 0 0 0 0 0 3 3672 0 0 0 0 77 6181 0 0 5 0 0 6253 3928 114 0 0 0 0 0 0 0 0 78 1 0 0 39 1 113 0
0 0 8 0 0 1012 92 0 0 0 4 0 1600 5 3041 0 0 172 14 0 20 0 0 0 19 0 352 0 0 178 71 0 0 0 51 109 0 0 0 3916
0 0 1049 0 0 0 0 5 1940 0 0 0 114 0 0 0 0 0 3 302 4 0 0 0 0 0 0 0 0 0 0 0 1199 0 5219 635 63 476 2 2496
0 0 0 0 3196 0 0 0 0 647 0 18 0 0 0 631 30 1 0 0 3 0 4 0 1 0 0 0 0 0 0 0 0 761 0 149 1 1 1429 0
0 0 16 0 202 0 0 1 0 0 0 21 0 4 0 0 108 44 0 0 0 0 58 966 1231 0 0 0 0 0 0 1 0 0 0 0 0 1379 868 22
66 78 0 292 67 0 0 0 205 0 0 0 0 0 334 1 5 49 238 1 0 0 0 0 1443 0 0 6 0 0 0 0 0 1729 11 0 0 0 0 1
10 0 2 1850 0 195 3213 0 4350 28 0 40 0 0 0 2881 6577 2 0 0 0 0 3 1 0 7 0 63 1 0 207 0 0 112 1 2 355 0 1 606
5 0 444 0 0 75 0 0 0 1 0 655 6 7 0 419 0 0 4203 0 0 49 0 0 0 0 0 228 0 480 89 0 106 0 0 0 17 0 0 0
0 13 0 0 0 0 0 0 3587 0 0 0 236 0 0 4 0 0 0 1700 0 1 0 0 38 0 642 3 0 0 0 12 23 14 0 29 0 21 0 6
0 0 0 0 0 1 1 9 0 16 788 0 7 35 0 0 9 0 3 3 0 0 406 75 0 0 0 0 0 33 0 2 0 0 0 0 0 317 288 1847
32 1 0 0 0 0 3058 2 3 0 5154 0 219 0 3 0 636 0 0 0 0 0 390 0 0 0 0 256 0 0 0 2957 835 0 0 0 0 124 2 3
4859 0 3985 1065 0 0 0 0 56 0 0 0 0 1 1 0 0 0 0 2 0 1210 0 0 0 0 0 459 0 0 0 9 3760 0 4251 0 0 0 0 0
2620 0 3319 8088 1 461 37 2227 0 0 930 3253 22 132 404 0 1738 5283 0 0 2916 0 19 0 98 1 0 6520 6587 43 8 0 3 0 148 87 0 229 0 748
0 142 0 0 2 1 0 1207 0 54 0 0 3 0 2351 3 297 0 2700 0 0 430 15 0 8 0 226 0 39 0 124 13 0 0 4084 1 6 0 0 0