40
0 139 88 123 111 86 86 33 121 71 150 108 88 85 1389 1375 1375 1399 1400 1384 1391 1424 1437 1377 1385 1416 1151 1059 1154 1124 1118 1157 1053 1110 1065 1092 1030 1073 1125 1096
139 0 145 98 137 146 60 133 152 139 63 87 122 79 1315 1302 1301 1325 1325 1310 1318 1349 1364 1302 1311 1342 1061 977 1067 1043 1030 1076 968 1020 979 1013 941 992 1038 1007
88 145 0 68 29 3 89 118 34 17 117 65 24 67 1449 1435 1435 1458 1459 1443 1451 1483 1497 1436 1444 1475 1201 1114 1206 1179 1169 1212 1106 1160 1117 1148 1080 1129 1177 1147
123 98 68 0 47 70 63 141 59 73 52 17 47 44 1413 1400 1399 1423 1423 1407 1415 1447 1461 1400 1408 1439 1158 1074 1164 1141 1127 1173 1065 1117 1076 1110 1038 1090 1135 1104
111 137 29 47 0 32 88 138 15 43 98 50 25 64 1449 1436 1436 1459 1460 1444 1452 1484 1498 1437 1445 1476 1198 1112 1204 1179 1167 1212 1104 1157 1115 1148 1078 1128 1174 1144
86 146 3 70 32 0 89 116 37 15 119 66 25 67 1448 1434 1434 1458 1459 1443 1451 1483 1496 1436 1444 1475 1201 1113 1206 1179 1169 1212 1106 1160 1117 1148 1080 1128 1176 1147
86 60 89 63 88 89 0 91 103 80 68 47 68 24 1362 1348 1348 1372 1372 1356 1364 1396 1410 1349 1357 1388 1113 1026 1117 1092 1081 1125 1018 1071 1029 1061 992 1041 1088 1058
33 133 118 141 138 116 91 0 149 101 159 124 114 99 1358 1343 1344 1367 1369 1352 1359 1392 1405 1345 1353 1384 1121 1029 1123 1093 1088 1126 1023 1080 1035 1061 1000 1042 1094 1066
121 152 34 59 15 37 103 149 0 51 111 65 38 79 1464 1451 1451 1474 1475 1459 1467 1499 1513 1452 1460 1491 1213 1127 1218 1194 1182 1226 1119 1172 1130 1163 1093 1143 1189 1159
71 139 17 73 43 15 80 101 51 0 119 66 27 60 1436 1422 1422 1446 1447 1431 1438 1471 1484 1423 1431 1463 1190 1102 1194 1167 1158 1201 1094 1149 1106 1136 1069 1117 1165 1136
150 63 117 52 98 119 68 159 111 119 0 53 94 66 1371 1359 1357 1381 1381 1366 1374 1405 1420 1358 1367 1397 1113 1031 1120 1098 1083 1130 1021 1072 1032 1068 993 1047 1091 1060
108 87 65 17 50 66 47 124 65 66 53 0 41 26 1401 1388 1387 1411 1411 1396 1404 1436 1450 1389 1397 1428 1149 1064 1154 1130 1118 1163 1055 1108 1066 1099 1028 1079 1125 1095
88 122 24 47 25 25 68 114 38 27 94 41 0 44 1430 1416 1416 1439 1440 1424 1432 1464 1478 1417 1425 1456 1180 1094 1185 1160 1149 1193 1085 1139 1097 1129 1060 1109 1156 1126
85 79 67 44 64 67 24 99 79 60 66 26 44 0 1386 1373 1372 1396 1396 1381 1388 1420 1434 1373 1381 1413 1136 1050 1141 1116 1105 1149 1041 1095 1053 1085 1016 1065 1112 1082
1389 1315 1449 1413 1449 1448 1362 1358 1464 1436 1371 1401 1430 1386 0 27 14 13 15 9 13 35 52 13 6 27 297 346 276 277 313 248 362 330 354 305 398 327 303 338
1375 1302 1435 1400 1436 1434 1348 1343 1451 1422 1359 1388 1416 1373 27 0 22 27 42 18 19 56 62 21 21 48 298 338 275 270 311 242 356 328 349 295 393 318 300 335
1375 1301 1435 1399 1436 1434 1348 1344 1451 1422 1357 1387 1416 1372 14 22 0 25 27 10 20 49 65 1 10 41 286 332 264 264 301 235 349 318 341 291 385 313 290 325
1399 1325 1458 1423 1459 1458 1372 1367 1474 1446 1381 1411 1439 1396 13 27 25 0 20 15 8 29 40 24 15 21 310 357 289 289 326 260 374 343 367 316 410 338 315 350
1400 1325 1459 1423 1460 1459 1372 1369 1475 1447 1381 1411 1440 1396 15 42 27 20 0 24 26 25 49 26 21 18 301 354 281 285 319 255 369 335 361 313 405 335 308 343
1384 1310 1443 1407 1444 1443 1356 1352 1459 1431 1366 1396 1424 1381 9 18 10 15 24 0 10 42 55 9 3 34 296 342 274 274 311 244 359 328 351 300 395 323 300 336
1391 1318 1451 1415 1452 1451 1364 1359 1467 1438 1374 1404 1432 1388 13 19 20 8 26 10 0 37 46 19 12 29 306 351 284 283 321 254 368 338 361 309 405 332 310 345
1424 1349 1483 1447 1484 1483 1396 1392 1499 1471 1405 1436 1464 1420 35 56 49 29 25 42 37 0 29 48 40 8 325 379 306 310 343 280 394 359 386 338 429 360 333 368
1437 1364 1497 1461 1498 1496 1410 1405 1513 1484 1420 1450 1478 1434 52 62 65 40 49 55 46 29 0 63 55 31 349 397 328 329 365 299 414 382 406 355 450 378 354 390
1377 1302 1436 1400 1437 1436 1349 1345 1452 1423 1358 1389 1417 1373 13 21 1 24 26 9 19 48 63 0 8 40 287 334 266 265 302 236 350 319 343 292 387 315 291 327
1385 1311 1444 1408 1445 1444 1357 1353 1460 1431 1367 1397 1425 1381 6 21 10 15 21 3 12 40 55 8 0 32 295 342 274 274 311 244 359 327 351 301 395 323 300 335
1416 1342 1475 1439 1476 1475 1388 1384 1491 1463 1397 1428 1456 1413 27 48 41 21 18 34 29 8 31 40 32 0 319 371 299 303 337 273 387 353 379 331 423 353 326 361
1151 1061 1201 1158 1198 1201 1113 1121 1213 1190 1113 1149 1180 1136 297 298 286 310 301 296 306 325 349 287 295 319 0 110 31 91 37 83 103 41 89 113 121 111 37 55
1059 977 1114 1074 1112 1113 1026 1029 1127 1102 1031 1064 1094 1050 346 338 332 357 354 342 351 379 397 334 342 371 110 0 99 69 73 100 28 78 35 47 68 23 74 66
1154 1067 1206 1164 1204 1206 1117 1123 1218 1194 1120 1154 1185 1141 276 275 264 289 281 274 284 306 328 266 274 299 31 99 0 64 38 53 100 53 88 91 128 95 29 63
1124 1043 1179 1141 1179 1179 1092 1093 1194 1167 1098 1130 1160 1116 277 270 264 289 285 274 283 310 329 265 274 303 91 69 64 0 69 34 87 87 83 34 127 51 60 84
1118 1030 1169 1127 1167 1169 1081 1088 1182 1158 1083 1118 1149 1105 313 311 301 326 319 311 321 343 365 302 311 337 37 73 38 69 0 76 67 19 53 84 90 77 12 25
1157 1076 1212 1173 1212 1212 1125 1126 1226 1201 1130 1163 1193 1149 248 242 235 260 255 244 254 280 299 236 244 273 83 100 53 34 76 0 114 95 107 67 151 84 65 98
1053 968 1106 1065 1104 1106 1018 1023 1119 1094 1021 1055 1085 1041 362 356 349 374 369 359 368 394 414 350 359 387 103 28 100 87 67 114 0 65 14 73 41 49 72 50
1110 1020 1160 1117 1157 1160 1071 1080 1172 1149 1072 1108 1139 1095 330 328 318 343 335 328 338 359 382 319 327 353 41 78 53 87 19 95 65 0 51 97 79 87 30 15
1065 979 1117 1076 1115 1117 1029 1035 1130 1106 1032 1066 1097 1053 354 349 341 367 361 351 361 386 406 343 351 379 89 35 88 83 53 107 14 51 0 74 44 54 59 36
1092 1013 1148 1110 1148 1148 1061 1061 1163 1136 1068 1099 1129 1085 305 295 291 316 313 300 309 338 355 292 301 331 113 47 91 34 84 67 73 97 74 0 114 25 77 90
1030 941 1080 1038 1078 1080 992 1000 1093 1069 993 1028 1060 1016 398 393 385 410 405 395 405 429 450 387 395 423 121 68 128 127 90 151 41 79 44 114 0 90 99 66
1073 992 1129 1090 1128 1128 1041 1042 1143 1117 1047 1079 1109 1065 327 318 313 338 335 323 332 360 378 315 323 353 111 23 95 51 77 84 49 87 54 25 90 0 74 76
1125 1038 1177 1135 1174 1176 1088 1094 1189 1165 1091 1125 1156 1112 303 300 290 315 308 300 310 333 354 291 300 326 37 74 29 60 12 65 72 30 59 77 99 74 0 35
1096 1007 1147 1104 1144 1147 1058 1066 1159 1136 1060 1095 1126 1082 338 335 325 350 343 336 345 368 390 327 335 361 55 66 63 84 25 98 50 15 36 90 66 76 35 0
0 0 403 0 0 4 0 5585 2 2 0 1180 133 0 0 0 10 6 0 0 460 124 601 0 0 0 31 0 0 0 0 0 3 984 0 0 146 937 0 38
0 0 347 3 0 0 0 6211 702 597 0 0 134 0 0 0 2722 2 1 3 726 2840 1859 0 75 0 0 0 2196 2 0 0 1828 0 0 0 619 0 0 0
0 471 0 10 7124 1 23 0 11 0 1 109 0 0 0 0 0 11 5104 378 0 2984 86 0 0 361 0 27 0 0 0 193 112 1179 1 0 1 0 0 0
0 1 10 0 0 19 0 0 0 0 2802 2 435 11 0 0 0 9 694 0 38 10 0 0 1437 311 0 0 0 4 0 0 40 0 249 0 0 0 0 76
284 0 1786 27 0 57 4556 0 4 0 0 0 0 0 0 0 293 0 0 129 0 0 4 222 0 0 2741 331 0 1129 6589 0 1 0 524 123 26 1 9 239
22 210 0 510 11 0 1576 0 448 0 3547 430 0 0 0 419 0 0 26 0 4 275 0 0 0 68 0 0 0 0 0 2249 34 0 0 0 0 0 0 4
17 257 0 15 1639 0 0 5 0 0 0 5181 0 0 6 0 136 19 0 1 0 0 0 0 3770 0 566 0 0 0 0 1972 0 4 0 0 0 0 0 0
0 0 0 0 0 2281 8 0 560 0 0 6 0 0 1045 0 0 0 1356 0 3 0 0 5 11 0 0 0 0 3 0 73 0 0 0 0 8 0 0 0
0 0 0 0 1 2978 0 0 0 0 135 0 0 8 75 0 0 2938 0 23 1 1 0 139 0 38 1 0 130 1 0 1 102 0 0 0 4 0 0 0
0 0 329 0 553 0 613 0 0 0 0 283 194 0 0 0 15 7 0 19 745 17 1542 1 0 2 34 2354 0 0 0 2 400 4 2382 0 5 0 23 0
0 5698 2994 0 0 0 575 0 0 0 0 0 4104 0 0 1 7 1963 1866 0 0 0 0 46 362 0 0 4 0 1 0 458 15 24 0 0 1 0 0 2
74 36 0 0 0 0 0 4785 1 152 1 0 0 0 449 4 0 0 0 0 0 5 0 0 0 2357 43 858 0 423 636 0 0 175 0 0 0 0 0 15
0 0 0 6 1 54 0 276 0 5 2407 3 0 320 4582 0 74 5937 0 1 0 3781 2 0 0 6280 0 681 1 36 0 0 111 54 0 1 0 1 11 5721
0 0 7477 0 0 2 0 0 0 11 598 631 2525 0 0 18 7 63 0 0 0 4518 21 0 133 24 0 0 0 0 4 516 1 0 0 0 1 0 0 0
0 292 11 0 0 52 0 5 158 0 0 0 1 951 0 1226 0 0 175 0 4295 0 5373 0 2 1 0 36 0 0 0 10 1895 2712 325 0 1509 242 0 902
0 0 29 109 25 0 1339 0 0 0 3074 1 0 887 18 0 1102 0 0 38 212 0 0 0 13 2 0 0 13 0 0 7804 0 0 0 0 0 11 0 0
3 0 0 1 40 1 183 0 222 124 0 2019 0 4 0 0 0 3 0 0 0 0 187 0 5 1 2 0 71 2585 0 0 0 0 506 0 0 533 0 28
0 0 0 0 0 3 0 0 19 0 0 1711 0 37 26 83 0 0 1 0 0 0 0 0 0 0 0 1 0 0 0 0 3 0 1844 0 202 0 0 0
0 1 1416 0 578 0 0 5 0 2 0 0 0 6850 2 0 1979 7795 0 0 113 0 0 0 5 0 1103 0 19 1 2 0 0 0 0 36 0 166 0 2964
3363 0 100 0 4 0 9 0 137 34 35 8 0 0 1339 20 0 0 84 0 23 0 476 17 6864 0 0 0 1 0 0 0 4080 101 1 0 0 0 0 0
59 133 275 1 0 451 0 2202 32 665 1 0 283 0 0 0 353 0 0 0 0 1 0 0 110 0 0 1 0 0 408 0 1 700 53 169 0 4276 9 0
102 0 0 1 1 0 12 2940 0 0 0 0 0 0 85 470 0 0 0 100 1 0 6 22 0 5392 361 0 3985 37 0 0 0 0 0 0 0 1261 1 1
0 9 3814 0 0 4903 0 0 3 0 0 0 0 31 176 0 1710 0 0 3570 57 5 0 0 0 6 0 0 2184 0 2 398 0 0 0 17 18 0 278 0
5877 1 0 0 787 0 1 190 733 0 0 0 0 0 1 0 5 0 0 0 907 35 0 0 0 2 0 1 0 35 0 0 1458 17 0 44 7041 11 6 3111
0 0 0 9 0 2454 0 2 0 0 0 0 26 49 0 0 7 0 1603 0 357 0 1 27 0 0 7315 227 0 60 386 0 0 0 0 3462 0 0 0 0
50 3 0 448 0 0 1 0 0 603 0 7056 0 0 0 1 0 0 0 0 0 2173 1 73 0 0 7 0 370 0 0 3394 0 0 0 1 621 0 0 0
0 5 3 0 0 12 2 0 23 0 0 0 0 6 0 4521 0 0 0 1072 0 5818 679 139 0 1 0 0 0 0 0 75 220 14 553 51 3257 2 9 16
0 0 5 0 0 0 908 3056 6131 0 0 9 0 0 0 0 1 6958 3 0 0 509 0 0 0 0 160 0 2 0 0 0 0 0 234 0 0 0 0 0
331 0 430 35 7 52 0 1 0 957 36 0 0 0 0 0 0 0 1 75 3 12 0 0 0 0 459 1 0 0 0 0 70 0 0 0 0 0 1541 0
5 0 1733 0 1 17 0 47 0 1346 0 0 0 6 0 0 0 0 8 0 0 50 0 4321 5 0 97 0 0 0 0 0 0 0 0 16 0 4200 924 0
0 5 0 32 0 0 0 0 770 0 0 0 0 0 0 0 0 0 0 449 0 0 1 0 0 0 15 0 0 0 0 81 382 0 8 0 0 19 0 0
95 24 0 0 0 3889 0 3 55 4336 0 6 1 0 0 791 544 0 0 1 0 10 0 8 6 0 2625 406 0 620 78 0 319 1 0 31 4237 5 0 89
3470 0 0 925 0 3 0 0 9 2 2 0 0 2 348 0 0 665 0 2428 0 0 0 0 1 0 1699 0 0 0 27 0 0 3 1013 0 0 0 0 0
28 3789 0 0 0 1000 1460 39 0 0 815 0 0 63 1 0 0 123 3 9 61 0 4953 6131 3959 89 0 0 0 672 232 2 0 0 0 779 388 0 0 1
0 0 142 4838 0 172 0 964 2257 0 0 537 0 4647 0 2875 0 52 0 2659 133 0 0 0 0 0 0 57 83 3 0 47 5 0 0 1 0 0 0 474
1028 0 0 185 1 2709 0 38 47 0 0 4 0 1705 0 0 0 0 2 160 0 0 100 28 0 0 0 0 0 1 0 12 642 0 0 0 0 5 3 5265
7378 0 0 7 0 0 0 37 0 3 0 3429 0 0 0 13 52 0 2 0 0 54 0 76 2008 0 0 3160 0 20 0 0 0 0 0 0 0 11 0 0
869 0 82 1 128 972 0 20 0 0 6477 630 0 6347 0 7 16 0 3387 0 0 12 1 0 328 0 5 0 0 0 0 0 0 47 0 513 0 0 1 0
0 171 0 6 0 31 8 0 0 0 0 549 5752 0 80 25 0 0 70 7116 25 4634 0 0 0 0 6 0 666 1 5 913 0 1164 593 0 0 0 0 173
0 0 29 0 0 0 0 1 391 350 0 150 1 0 4 1 392 1 0 0 1 723 1 0 0 3 0 0 0 0 1529 214 1 0 0 0 20 0 0 0