60
0 85 89 833 718 832 893 711 807 881 755 878 815 302 315 347 325 341 331 331 309 333 325 328 316 329 325 321 324 303 333 359 303 420 445 421 432 447 420 441 435 434 445 159 172 158 205 180 245 245 231 140 156 202 213 239 166 164 252 147
85 0 32 916 801 916 976 794 889 964 839 962 897 269 279 313 291 302 304 298 274 303 293 292 280 289 287 284 288 272 305 325 267 504 529 505 516 532 505 525 519 519 529 243 257 242 278 263 330 326 315 213 240 283 294 323 250 247 330 228
89 32 0 920 806 919 981 799 895 968 840 966 904 300 310 344 322 332 336 329 305 335 325 323 311 320 318 315 319 303 337 356 298 502 524 501 511 528 501 523 515 515 524 239 257 239 264 259 329 319 315 200 243 276 286 321 252 242 319 221
833 916 920 0 116 40 60 125 41 55 116 46 53 978 992 1000 988 1016 970 991 985 981 981 999 989 1011 1000 997 993 972 972 1007 984 438 436 453 451 425 445 422 441 434 442 688 665 686 711 671 595 629 607 750 678 667 662 606 669 687 652 712
718 801 806 116 0 127 177 10 89 169 106 162 101 863 877 886 873 901 856 876 870 867 866 884 874 896 885 882 878 857 858 893 868 334 338 352 353 326 343 319 342 332 345 575 552 574 604 560 483 521 495 640 564 557 553 495 555 575 546 600
832 916 919 40 127 0 73 137 75 51 91 61 91 988 1003 1012 999 1027 983 1002 996 993 992 1010 1000 1022 1011 1008 1004 983 984 1019 994 429 423 441 438 413 435 411 429 422 428 684 662 683 702 667 592 621 604 744 676 660 654 601 667 683 642 707
893 976 981 60 177 73 0 185 93 30 164 15 94 1036 1050 1058 1046 1074 1028 1049 1044 1039 1039 1057 1048 1069 1058 1055 1051 1030 1030 1064 1042 496 493 510 508 482 503 480 499 492 499 748 725 746 770 731 655 688 667 810 738 727 721 666 729 747 710 772
711 794 799 125 10 137 185 0 96 178 115 170 106 853 867 876 863 892 847 867 861 858 857 875 865 886 876 873 869 848 848 883 859 330 335 349 350 323 339 316 339 329 343 569 545 568 600 554 477 516 488 635 557 552 548 489 549 569 542 594
807 889 895 41 89 75 93 96 0 95 127 80 20 943 957 965 953 981 935 956 951 946 946 964 955 976 965 962 958 937 936 971 949 421 423 438 438 411 429 406 427 419 430 665 641 663 693 649 573 610 584 729 653 647 642 584 644 665 634 689
881 964 968 55 169 51 30 178 95 0 141 27 102 1032 1046 1054 1042 1070 1025 1045 1039 1036 1035 1053 1043 1065 1054 1051 1047 1026 1026 1061 1038 479 473 492 489 464 485 462 480 473 479 733 712 732 753 717 641 672 654 794 725 711 705 651 716 732 692 757
755 839 840 116 106 91 164 115 127 141 0 151 146 928 943 955 940 968 926 944 936 936 934 951 941 962 951 948 945 923 927 963 934 344 335 354 350 326 349 325 341 336 340 603 584 602 616 585 512 537 525 661 599 577 570 520 589 601 555 625
878 962 966 46 162 61 15 170 80 27 151 0 82 1022 1036 1044 1032 1060 1014 1035 1030 1025 1025 1043 1034 1055 1044 1041 1037 1016 1016 1050 1028 482 479 496 494 468 489 466 484 477 485 733 711 732 756 717 641 674 653 795 723 712 707 651 715 732 696 757
815 897 904 53 101 91 94 106 20 102 146 82 0 946 960 967 955 983 937 958 954 948 948 966 958 979 968 965 961 940 939 973 952 434 438 452 453 426 443 420 442 433 445 675 651 673 705 660 583 622 594 741 662 658 654 595 654 675 647 700
302 269 300 978 863 988 1036 853 943 1032 928 1022 946 0 15 45 23 43 42 29 8 36 26 26 14 34 24 21 21 8 42 57 7 641 676 653 667 674 646 661 666 660 681 426 419 421 498 445 480 512 464 437 395 476 489 483 407 434 532 427
315 279 310 992 877 1003 1050 867 957 1046 943 1036 960 15 0 35 16 28 41 21 7 32 23 13 3 19 10 6 10 20 41 46 12 656 691 668 682 689 661 676 681 675 696 441 433 435 512 460 495 527 479 450 410 491 503 497 422 448 547 441
347 313 344 1000 886 1012 1058 876 965 1054 955 1044 967 45 35 0 22 26 30 16 40 19 24 23 33 34 29 31 25 44 28 12 46 675 712 688 703 708 681 695 701 695 716 467 459 462 541 486 517 553 502 480 435 518 530 521 447 475 574 469
325 291 322 988 873 999 1046 863 953 1042 940 1032 955 23 16 22 0 28 27 6 18 17 9 12 13 26 16 15 7 22 26 34 25 657 693 670 684 690 663 677 683 676 698 446 438 441 519 465 498 532 482 458 415 496 509 501 427 454 553 448
341 302 332 1016 901 1027 1074 892 981 1070 968 1060 983 43 28 26 28 0 51 26 35 39 36 17 29 12 18 22 23 46 50 31 40 683 719 695 710 716 689 703 708 702 723 468 461 463 539 487 522 554 507 477 438 518 531 525 450 476 574 468
331 304 336 970 856 983 1028 847 935 1025 926 1014 937 42 41 30 27 51 0 26 41 12 19 38 39 53 42 42 34 35 2 37 47 648 685 662 677 682 655 668 675 668 690 446 435 440 522 464 493 530 477 462 412 496 508 497 424 453 552 449
331 298 329 991 876 1002 1049 867 956 1045 944 1035 958 29 21 16 6 26 26 0 24 14 10 13 19 27 18 18 11 28 25 28 31 662 698 675 690 695 668 682 688 681 703 452 444 446 526 471 503 538 488 464 420 502 515 507 432 460 559 454
309 274 305 985 870 996 1044 861 951 1039 936 1030 954 8 7 40 18 35 41 24 0 34 24 19 6 26 17 13 15 14 41 51 7 649 684 661 675 682 655 669 674 668 689 434 427 428 506 453 488 520 472 444 403 484 496 490 415 441 540 434
333 303 335 981 867 993 1039 858 946 1036 936 1025 948 36 32 19 17 39 12 14 34 0 10 26 30 41 31 31 24 32 11 28 40 657 693 670 685 690 663 677 683 676 698 451 441 445 526 469 500 536 484 465 418 501 514 504 430 459 557 453
325 293 325 981 866 992 1039 857 946 1035 934 1025 948 26 23 24 9 36 19 10 24 10 0 20 20 35 24 23 16 22 18 35 30 652 689 665 680 686 659 673 678 672 693 444 435 438 518 462 494 529 479 457 412 494 506 498 424 451 550 446
328 292 323 999 884 1010 1057 875 964 1053 951 1043 966 26 13 23 12 17 38 13 19 26 20 0 13 15 6 8 6 29 37 34 25 666 702 678 693 699 672 686 691 685 706 453 445 447 525 471 506 539 490 463 422 503 515 509 434 460 559 453
316 280 311 989 874 1000 1048 865 955 1043 941 1034 958 14 3 33 13 29 39 19 6 30 20 13 0 21 11 7 8 18 38 45 13 654 690 666 681 687 660 675 680 673 694 440 433 434 512 459 493 526 478 450 409 490 502 496 421 447 546 441
329 289 320 1011 896 1022 1069 886 976 1065 962 1055 979 34 19 34 26 12 53 27 26 41 35 15 21 0 11 14 19 39 52 41 30 674 710 686 701 707 680 695 699 693 714 457 451 452 528 477 513 544 497 465 428 507 520 515 440 465 563 457
325 287 318 1000 885 1011 1058 876 965 1054 951 1044 968 24 10 29 16 18 42 18 17 31 24 6 11 11 0 4 8 28 42 39 22 665 701 677 692 698 671 686 690 684 705 450 443 445 522 469 504 536 489 460 420 500 513 507 432 458 556 451
321 284 315 997 882 1008 1055 873 962 1051 948 1041 965 21 6 31 15 22 42 18 13 31 23 8 7 14 4 0 8 25 41 41 18 661 697 674 688 695 667 682 687 681 702 447 439 441 518 466 501 533 485 456 416 497 509 503 428 454 553 447
324 288 319 993 878 1004 1051 869 958 1047 945 1037 961 21 10 25 7 23 34 11 15 24 16 6 8 19 8 8 0 23 34 36 21 660 696 672 687 693 666 680 686 679 700 447 440 442 520 466 500 533 484 458 416 497 510 503 428 455 553 448
303 272 303 972 857 983 1030 848 937 1026 923 1016 940 8 20 44 22 46 35 28 14 32 22 29 18 39 28 25 23 0 36 55 15 637 673 649 664 670 643 658 663 656 677 425 417 419 498 444 477 511 461 437 393 475 487 480 405 432 531 426
333 305 337 972 858 984 1030 848 936 1026 927 1016 939 42 41 28 26 50 2 25 41 11 18 37 38 52 42 41 34 36 0 36 47 650 687 664 678 683 657 670 676 669 692 447 437 441 523 465 494 531 479 463 413 497 510 498 425 455 554 450
359 325 356 1007 893 1019 1064 883 971 1061 963 1050 973 57 46 12 34 31 37 28 51 28 35 34 45 41 39 41 36 55 36 0 57 685 722 698 713 718 691 705 711 704 726 479 469 473 553 497 528 564 513 492 446 529 541 532 458 486 585 480
303 267 298 984 868 994 1042 859 949 1038 934 1028 952 7 12 46 25 40 47 31 7 40 30 25 13 30 22 18 21 15 47 57 0 645 680 657 671 678 651 665 670 664 684 429 422 423 500 448 483 515 468 438 398 479 491 486 410 436 534 429
420 504 502 438 334 429 496 330 421 479 344 482 434 641 656 675 657 683 648 662 649 657 652 666 654 674 665 661 660 637 650 685 645 0 43 30 44 34 15 21 34 21 52 263 248 264 274 244 175 193 190 317 267 233 227 181 256 260 214 283
445 529 524 436 338 423 493 335 423 473 335 479 438 676 691 712 693 719 685 698 684 693 689 702 690 710 701 697 696 673 687 722 680 43 0 24 15 15 31 32 10 21 11 286 275 287 283 266 204 208 219 333 295 251 242 206 284 282 222 303
421 505 501 453 352 441 510 349 438 492 354 496 452 653 668 688 670 695 662 675 661 670 665 678 666 686 677 674 672 649 664 698 657 30 24 0 16 29 15 33 14 20 28 262 251 263 263 243 179 186 195 311 271 228 220 182 260 259 202 280
432 516 511 451 353 438 508 350 438 489 350 494 453 667 682 703 684 710 677 690 675 685 680 693 681 701 692 688 687 664 678 713 671 44 15 16 0 28 29 40 13 27 14 273 263 274 268 253 192 194 208 319 283 237 228 194 272 269 207 290
447 532 528 425 326 413 482 323 411 464 326 468 426 674 689 708 690 716 682 695 682 690 686 699 687 707 698 695 693 670 683 718 678 34 15 29 28 0 28 18 16 14 25 289 277 290 291 270 204 214 220 339 296 256 248 209 285 286 230 308
420 505 501 445 343 435 503 339 429 485 349 489 443 646 661 681 663 689 655 668 655 663 659 672 660 680 671 667 666 643 657 691 651 15 31 15 29 28 0 24 21 14 39 262 249 263 268 243 177 189 192 314 269 230 223 181 257 259 207 281
441 525 523 422 319 411 480 316 406 462 325 466 420 661 676 695 677 703 668 682 669 677 673 686 675 695 686 682 680 658 670 705 665 21 32 33 40 18 24 0 28 14 42 283 269 284 291 264 196 212 211 336 288 253 246 202 277 281 231 303
435 519 515 441 342 429 499 339 427 480 341 484 442 666 681 701 683 708 675 688 674 683 678 691 680 699 690 687 686 663 676 711 670 34 10 14 13 16 21 28 0 15 18 276 265 278 276 257 193 199 209 324 285 242 234 197 274 273 215 294
434 519 515 434 332 422 492 329 419 473 336 477 433 660 675 695 676 702 668 681 668 676 672 685 673 693 684 681 679 656 669 704 664 21 21 20 27 14 14 14 15 0 31 276 263 277 280 257 191 202 206 327 283 244 236 195 271 273 220 295
445 529 524 442 345 428 499 343 430 479 340 485 445 681 696 716 698 723 690 703 689 698 693 706 694 714 705 702 700 677 692 726 684 52 11 28 14 25 39 42 18 31 0 286 277 288 280 266 206 207 221 331 297 250 241 208 285 282 219 303
159 243 239 688 575 684 748 569 665 733 603 733 675 426 441 467 446 468 446 452 434 451 444 453 440 457 450 447 447 425 447 479 429 263 286 262 273 289 262 283 276 276 286 0 33 8 92 20 92 88 81 74 46 50 63 83 40 8 107 28
172 257 257 665 552 662 725 545 641 712 584 711 651 419 433 459 438 461 435 444 427 441 435 445 433 451 443 439 440 417 437 469 422 248 275 251 263 277 249 269 265 263 277 33 0 27 121 37 73 95 59 107 23 69 80 69 12 39 123 60
158 242 239 686 574 683 746 568 663 732 602 732 673 421 435 462 441 463 440 446 428 445 438 447 434 452 445 441 442 419 441 473 423 264 287 263 274 290 263 284 278 277 288 8 27 0 100 25 91 93 79 80 38 56 69 83 33 16 113 33
205 278 264 711 604 702 770 600 693 753 616 756 705 498 512 541 519 539 522 526 506 526 518 525 512 528 522 518 520 498 523 553 500 274 283 263 268 291 268 291 276 280 280 92 121 100 0 85 143 84 141 65 138 60 58 127 131 84 62 77
180 263 259 671 560 667 731 554 649 717 585 717 660 445 460 486 465 487 464 471 453 469 462 471 459 477 469 466 466 444 465 497 448 244 266 243 253 270 243 264 257 257 266 20 37 25 85 0 77 68 68 83 57 33 45 65 48 16 90 40
245 330 329 595 483 592 655 477 573 641 512 641 583 480 495 517 498 522 493 503 488 500 494 506 493 513 504 501 500 477 494 528 483 175 204 179 192 204 177 196 193 191 206 92 73 91 143 77 0 71 16 160 92 84 85 16 81 92 110 117
245 326 319 629 521 621 688 516 610 672 537 674 622 512 527 553 532 554 530 538 520 536 529 539 526 544 536 533 533 511 531 564 515 193 208 186 194 214 189 212 199 202 207 88 95 93 84 68 71 0 76 125 118 43 34 55 107 82 39 99
231 315 315 607 495 604 667 488 584 654 525 653 594 464 479 502 482 507 477 488 472 484 479 490 478 497 489 485 484 461 479 513 468 190 219 195 208 220 192 211 209 206 221 81 59 79 141 68 16 76 0 151 77 81 85 23 66 82 115 107
140 213 200 750 640 744 810 635 729 794 661 795 741 437 450 480 458 477 462 464 444 465 457 463 450 465 460 456 458 437 463 492 438 317 333 311 319 339 314 336 324 327 331 74 107 80 65 83 160 125 151 0 113 84 91 146 112 71 119 47
156 240 243 678 564 676 738 557 653 725 599 723 662 395 410 435 415 438 412 420 403 418 412 422 409 428 420 416 416 393 413 446 398 267 295 271 283 296 269 288 285 283 297 46 23 38 138 57 92 118 77 113 0 90 101 90 12 54 145 68
202 283 276 667 557 660 727 552 647 711 577 712 658 476 491 518 496 518 496 502 484 501 494 503 490 507 500 497 497 475 497 529 479 233 251 228 237 256 230 253 242 244 250 50 69 56 60 33 84 43 81 84 90 0 12 68 80 43 57 55
213 294 286 662 553 654 721 548 642 705 570 707 654 489 503 530 509 531 508 515 496 514 506 515 502 520 513 509 510 487 510 541 491 227 242 220 228 248 223 246 234 236 241 63 80 69 58 45 85 34 85 91 101 12 0 69 92 55 44 67
239 323 321 606 495 601 666 489 584 651 520 651 595 483 497 521 501 525 497 507 490 504 498 509 496 515 507 503 503 480 498 532 486 181 206 182 194 209 181 202 197 195 208 83 69 83 127 65 16 55 23 146 90 68 69 0 78 81 94 106
166 250 252 669 555 667 729 549 644 716 589 715 654 407 422 447 427 450 424 432 415 430 424 434 421 440 432 428 428 405 425 458 410 256 284 260 272 285 257 277 274 271 285 40 12 33 131 48 81 107 66 112 12 80 92 78 0 47 135 66
164 247 242 687 575 683 747 569 665 732 601 732 675 434 448 475 454 476 453 460 441 459 451 460 447 465 458 454 455 432 455 486 436 260 282 259 269 286 259 281 273 273 282 8 39 16 84 16 92 82 82 71 54 43 55 81 47 0 99 25
252 330 319 652 546 642 710 542 634 692 555 696 647 532 547 574 553 574 552 559 540 557 550 559 546 563 556 553 553 531 554 585 534 214 222 202 207 230 207 231 215 220 219 107 123 113 62 90 110 39 115 119 145 57 44 94 135 99 0 107
147 228 221 712 600 707 772 594 689 757 625 757 700 427 441 469 448 468 449 454 434 453 446 453 441 457 451 447 448 426 450 480 429 283 303 280 290 308 281 303 294 295 303 28 60 33 77 40 117 99 107 47 68 55 67 106 66 25 107 0
0 0 264 1 0 0 1 0 8 0 0 0 29 0 5 52 0 0 0 0 147 0 0 0 0 0 16 42 1 0 0 0 1 77 0 1 0 14 0 1 2031 67 0 1 1 0 1321 0 0 540 186 4256 0 0 1185 0 53 5 29 268
16 0 0 0 0 0 0 36 0 0 0 0 6 0 835 2 2 0 0 0 0 8 0 0 713 15 37 0 0 0 0 0 0 3 0 1537 37 306 0 0 2985 0 0 3026 0 0 0 0 98 0 1056 688 144 0 164 834 41 0 0 0
0 101 0 132 832 18 0 0 149 7722 0 0 528 0 9 3 0 0 1089 623 66 0 0 0 118 0 0 0 0 0 0 0 152 42 0 1078 0 1 676 0 310 0 0 106 0 2732 0 0 0 0 0 0 533 0 0 33 1041 0 0 5
347 0 678 0 0 0 0 0 0 0 0 0 3068 0 0 2622 862 202 0 0 0 828 0 0 0 0 0 760 17 0 0 0 0 2052 16 0 18 0 0 29 1 0 0 0 225 0 0 0 0 0 3310 0 0 2 0 0 0 230 0 0
2916 0 0 0 0 0 0 0 0 0 0 175 0 2569 0 361 11 2711 1 0 0 6664 6 95 0 0 0 38 327 0 0 0 0 73 521 0 0 4669 45 0 0 0 4 0 5 224 0 6804 0 20 0 0 3 0 1 0 0 0 41 0
7 76 1360 0 3016 0 977 0 21 2421 0 25 548 0 22 92 79 0 304 0 0 10 95 0 0 2313 0 3514 6 62 0 32 0 6 26 152 166 0 0 23 0 0 0 11 0 0 0 0 31 1 0 0 0 0 4179 0 118 0 0 0
39 0 3621 1 0 0 0 1 0 113 0 10 0 0 46 0 155 0 2 2 0 0 0 6496 0 3 104 2142 0 7270 0 4391 954 0 5 56 8 2510 104 6594 0 0 0 0 0 24 0 0 0 0 0 20 0 3 3924 0 134 0 0 0
0 7574 0 0 1475 4 1 0 0 3539 0 2978 0 0 0 0 4 672 0 0 0 0 884 0 0 15 0 0 122 840 0 0 0 42 0 0 0 2 0 0 0 0 6070 0 1 0 0 0 0 309 0 0 658 0 315 0 570 5 0 149
6545 309 1 0 2001 0 6706 0 0 914 1302 0 0 0 12 0 0 0 4 8 0 0 0 1021 85 0 0 4350 116 306 1 580 0 0 0 0 0 1 27 1 1 18 382 0 0 94 0 126 5551 0 41 0 0 0 0 38 210 1 0 0
0 17 225 3 0 6 4563 0 0 0 24 0 0 824 0 4 0 0 355 0 2 219 7697 11 0 59 0 804 0 0 48 3078 0 0 605 3 0 1430 4 163 0 0 1 0 0 0 59 0 419 0 44 10 7526 0 0 309 3 0 0 0
0 0 0 0 0 14 0 0 0 0 0 5789 0 1 0 1165 0 1 2 0 21 0 525 1080 0 0 0 49 309 0 0 0 0 0 0 661 0 0 0 69 3 0 0 0 58 0 68 0 0 0 0 0 0 0 9 77 0 0 133 0
0 0 0 0 2909 0 0 769 20 1725 0 0 0 205 0 33 0 1 0 0 1 0 9 874 0 0 0 1 1 0 93 3 0 0 6 0 0 0 0 0 0 296 175 416 0 0 0 0 0 2 0 20 1 0 1 297 0 0 53 0
33 2022 3 0 35 0 275 0 0 5966 0 13 0 5 19 0 0 38 3571 0 0 0 1060 2276 114 5 0 915 0 0 0 0 802 7983 1 212 548 1719 0 80 0 0 0 1 0 3 0 1 4 1 624 2 0 731 0 927 1 36 119 0
432 5937 0 4420 940 2 0 0 466 1 0 1117 0 0 0 0 0 4 273 2 0 2 609 0 0 0 0 165 5030 8 0 36 0 579 0 18 0 0 0 0 0 225 0 0 3354 0 0 0 39 58 0 0 0 0 2 5433 0 0 31 0
0 219 0 0 0 0 0 0 70 7888 0 0 0 0 0 11 0 0 0 0 1626 3338 0 5083 91 0 0 5297 0 44 0 0 40 0 13 2 0 614 1 1 1006 346 0 16 0 0 1 0 0 4255 1930 863 0 0 0 40 0 1 0 0
0 1392 0 0 2184 0 447 0 0 5 0 0 0 0 0 0 3450 3 115 0 4 0 53 37 994 0 0 3713 438 9 0 1 0 24 0 1148 0 19 0 0 0 0 7 0 499 0 0 0 0 571 2510 24 0 0 0 58 0 0 202 2
0 4748 11 0 0 3749 0 0 0 28 17 2636 4651 770 8 0 0 4132 0 0 0 153 131 6344 0 0 0 79 7269 0 117 0 0 985 513 0 0 0 0 3 0 5 1812 77 1066 0 130 4354 0 0 0 36 0 1715 0 0 174 31 0 14
0 0 1266 353 0 6573 0 0 0 0 0 0 10 1 0 1 0 0 866 0 0 0 0 0 0 0 5 4353 0 0 0 0 0 0 0 948 0 2 63 0 0 449 28 0 0 517 0 0 13 0 2 3 300 62 0 1 2130 0 0 0
0 0 48 0 0 6153 6 0 0 0 0 0 2 0 1005 0 0 31 0 0 0 0 1 6536 440 128 21 0 0 0 0 0 0 1 0 0 0 0 0 28 0 45 89 0 0 0 0 3 0 0 10 0 0 0 83 0 0 0 519 0
18 0 3 3 0 0 0 0 2164 0 302 52 23 33 0 803 3283 156 461 0 0 0 0 0 161 0 2352 2603 0 78 0 8 67 0 66 0 0 0 1 0 0 136 0 0 53 0 0 0 2 0 0 0 73 0 0 160 0 1 0 0
0 7293 1 0 4 0 71 7 0 825 17 813 65 1 11 174 4204 17 0 2817 0 1721 1 0 64 62 0 18 8 0 0 0 3914 0 36 0 0 99 0 23 0 18 139 2 806 0 0 8 0 2 74 0 0 0 0 0 0 0 0 0
114 0 0 0 1055 0 2938 0 0 0 7403 0 1511 0 1447 1867 4 827 0 893 381 0 17 39 95 5697 916 1237 406 0 1 2345 111 0 0 0 0 1868 340 3591 0 15 0 0 1135 0 0 2 0 1 0 0 0 0 0 0 0 0 0 0
1650 0 3531 0 0 985 259 1140 0 630 172 0 123 16 0 0 0 0 307 0 88 0 0 0 0 6892 0 0 1798 4 0 0 0 1 0 0 0 0 0 20 0 77 29 18 0 1 5 7454 0 1654 0 0 0 0 1 0 0 1 0 0
0 24 0 30 0 2629 0 0 962 179 500 0 36 752 1 0 0 714 15 0 0 167 0 0 2 0 157 0 3195 1467 0 0 2699 0 0 145 11 689 2 0 7783 0 699 6473 0 5740 1 96 0 0 21 733 5420 209 0 0 0 0 0 179
14 25 12 543 24 883 299 3 0 0 0 0 0 2154 16 1521 0 0 0 0 9 0 0 6859 0 12 2 0 4390 226 0 0 215 0 0 4 16 7 0 0 66 1143 141 0 15 0 0 0 0 0 0 709 0 0 7755 0 0 3 0 81
28 249 0 0 653 0 0 12 0 0 0 1 0 0 1910 7154 110 284 1 0 0 0 0 0 0 0 0 369 0 0 9 0 826 0 7 0 0 0 1913 0 0 3 115 346 0 1 0 2266 0 0 896 0 0 1 0 0 0 91 0 9
0 7 0 5345 0 7 1 0 0 0 0 61 1 3681 0 2 6602 0 0 0 715 0 0 1 226 0 0 3 0 0 0 0 7 826 0 1 0 0 324 15 1 0 0 0 0 0 1036 3328 0 15 0 1 626 0 1 9 0 4 55 0
1 0 0 1 12 11 0 0 0 0 2 0 0 0 0 0 0 0 0 0 1024 1 1 0 0 8 5 0 37 0 1 495 1259 1 40 0 0 0 0 1760 0 0 0 0 0 0 1091 271 0 0 0 0 0 0 0 0 3 0 0 4
0 0 0 0 0 0 0 1 0 0 4 0 1762 0 0 8 0 0 54 599 4 57 0 3051 136 0 0 1 0 2056 0 0 5211 6 0 0 1124 6 0 8 1 0 2 3 0 0 410 0 6272 0 0 41 41 0 244 279 0 2 0 47
0 0 0 0 0 0 0 253 1 0 0 0 0 0 0 0 1 0 0 0 8 0 0 0 2 0 98 1 2 0 44 0 0 0 0 0 6 6 0 0 0 0 0 3960 0 3128 2598 0 0 3 0 0 0 0 0 42 0 9 1 0
1128 0 0 1 0 50 16 0 673 4 861 4 0 1 0 0 0 136 6860 160 22 0 0 1 0 0 0 0 0 0 0 0 0 0 34 0 0 0 4750 0 0 0 0 0 0 0 0 73 2534 0 3875 0 0 2028 83 89 0 0 0 85
7 6161 9 2 1 205 0 0 2 4215 15 0 0 0 0 0 0 1 120 25 228 0 2669 0 0 0 0 0 0 369 2 0 0 0 0 195 19 2760 0 2258 6399 2 1 8 592 0 36 34 9 0 0 0 1181 86 0 46 0 16 0 0
1 2 0 1 0 0 7 1 185 0 0 10 21 0 13 15 5647 0 1 122 3 1239 0 0 0 0 0 1 0 0 3 0 0 0 0 0 0 4546 0 1 13 0 30 3629 0 1 0 0 0 148 1 199 6319 0 0 118 0 368 3 1457
0 0 5 130 0 3082 1 1 0 845 0 10 166 92 0 0 386 0 1 6855 0 933 0 0 0 8 14 0 0 0 0 0 1 0 0 0 59 0 0 156 277 7 4280 0 35 0 0 16 0 0 76 0 16 0 0 1 0 0 0 0
0 0 0 0 116 1 148 1 0 647 0 0 0 0 1131 2956 8 0 0 0 11 121 1 0 521 0 4 0 147 0 91 150 3556 28 0 0 0 0 0 0 3 0 1 0 1 0 0 0 0 0 0 2108 0 0 9 0 11 0 0 0
357 139 0 0 0 2705 334 787 0 51 6045 0 173 0 1 0 0 1 0 28 11 0 1082 0 0 0 0 33 0 7 0 173 0 2 186 0 33 0 0 6 5600 55 53 17 0 0 14 1762 0 0 0 2289 0 0 0 0 3507 0 0 1
0 0 1796 0 1 13 0 0 0 0 0 0 277 0 73 0 0 0 0 165 7814 0 8 33 0 0 0 7 981 72 0 0 0 0 0 440 0 28 1 0 0 0 0 0 0 15 0 288 1494 0 0 0 43 0 7094 0 1099 0 0 0
4976 0 0 0 0 1 245 0 0 0 0 0 1767 22 0 260 0 68 3 1 0 0 0 0 0 12 5 0 11 9 0 0 42 1351 0 0 169 0 0 0 451 94 36 2888 209 147 0 0 0 0 0 3 34 0 0 0 0 0 0 54
3 0 1 1 25 18 0 0 0 2 240 0 165 18 0 5 0 0 278 0 43 798 2545 0 0 1 33 549 0 0 0 0 1629 0 0 0 26 0 0 0 0 9 2345 2 0 0 1544 0 0 0 0 91 0 0 0 0 0 0 0 400
445 483 0 3 0 0 57 5 1 2 0 0 366 756 0 6 0 0 36 238 2 0 1 0 1782 0 0 7994 6 0 0 0 0 0 0 0 0 32 0 0 0 0 0 0 2 17 0 0 255 31 1 0 0 1940 2586 0 0 0 9 0
0 36 0 8 7892 227 305 0 141 1406 0 47 148 9 0 5 6 0 6 0 0 0 74 0 39 11 0 0 169 63 0 0 0 0 0 0 1677 2 0 401 0 33 0 1909 4 1 21 0 0 0 0 0 3 8 0 3 1 0 5987 57
11 247 1 9 0 0 0 0 0 0 0 0 0 179 2 0 1505 561 291 0 3183 0 9 0 20 0 0 0 0 65 6 0 0 0 0 0 0 0 0 0 0 0 0 494 0 1 124 3826 92 0 167 78 0 0 0 0 2 107 0 3604
13 1535 257 21 25 2 0 0 0 0 2 0 1 0 17 0 43 2 234 0 0 10 4 129 7 1617 19 0 14 1 13 0 0 0 0 9 0 0 383 0 1 0 0 11 0 0 590 1480 0 714 0 0 1030 0 1 3 0 3019 3 27
0 0 0 0 0 4544 0 0 0 4 28 0 436 257 9 0 0 0 0 0 253 63 3 0 0 0 0 0 0 187 1 0 0 0 3160 7 3 0 0 0 72 430 0 0 0 0 1 6638 3 0 1441 72 0 131 0 0 4 0 0 234
0 0 79 0 0 0 0 0 0 0 0 804 742 1 1113 2 0 0 22 0 0 1 0 0 271 2279 218 2 1 993 1 0 0 0 180 45 1043 74 24 0 0 0 0 0 0 0 50 6 4238 217 0 0 7 1 0 0 10 0 0 2
0 7145 586 0 0 0 0 0 0 0 0 180 0 23 0 0 0 0 1880 685 25 0 54 0 21 21 0 0 0 7556 3 0 225 67 0 1 84 0 15 0 0 76 0 0 0 0 0 0 333 0 5133 0 0 0 0 0 0 11 0 4929
1 1 0 0 54 0 6 0 23 0 57 0 0 7688 408 1 110 2671 0 6 36 1 35 0 5 0 0 0 0 1230 0 0 661 707 0 0 0 0 0 0 26 0 0 0 0 0 0 6079 0 1 0 0 10 301 123 2238 0 70 149 0
0 296 47 422 4 140 0 0 113 352 5010 7 0 0 113 0 0 716 0 0 0 0 109 0 0 4157 0 0 4 0 1 2914 50 0 1 0 1118 142 0 7041 3 2358 790 0 0 79 0 0 0 0 0 0 0 0 560 11 0 0 0 4
0 0 4 0 7 6 25 0 5428 2764 0 89 123 0 1660 7797 1 0 1 0 2982 0 0 0 125 0 9 352 0 0 15 4499 0 0 1 0 0 0 98 0 4 19 4742 2 0 0 7787 1 0 0 769 0 0 2 5613 0 2015 188 0 0
0 0 3 94 0 0 0 0 5 0 0 0 0 0 0 696 0 50 0 0 0 0 0 0 0 205 0 0 0 8 0 0 0 0 0 0 3 0 2 10 0 1 1 487 2039 0 0 966 1564 0 0 117 0 0 614 0 0 1477 0 0
5 0 0 7868 0 367 229 121 0 0 0 8 0 0 7242 0 10 1 195 314 0 6779 9 0 0 2178 0 0 0 55 0 3 0 1 0 639 0 1364 27 5 0 1708 0 0 0 3 750 539 1047 418 0 2040 0 0 0 36 0 0 0 31
0 251 0 0 5 0 0 13 0 0 69 0 7914 6063 0 0 2121 379 0 0 2 0 3460 309 0 0 42 1 4739 0 236 53 54 0 0 0 0 1 6 0 120 0 0 38 0 5 1 0 0 116 0 0 0 71 116 0 0 12 0 0
0 6179 1042 5334 0 5 4603 2575 0 1 4 1 0 6 0 101 435 935 5 2 0 0 31 0 0 0 1 0 92 0 0 0 182 1457 0 0 0 1 86 0 0 0 0 0 45 0 12 199 2 2351 34 8 0 0 0 0 0 0 92 0
42 0 0 0 1993 0 0 0 0 0 306 0 0 614 1 1206 1 21 2 2 0 11 0 0 10 0 2058 6356 0 3104 3405 5 0 0 263 0 0 0 0 0 698 283 1 0 0 7 2461 1 339 0 0 55 0 0 0 268 0 55 2333 34
41 0 0 0 0 1 16 0 0 0 0 0 0 1 3 44 0 47 1302 2041 0 0 0 2 2039 47 0 753 0 0 0 0 1119 0 274 0 981 0 0 0 924 0 0 0 0 4 0 0 0 128 0 0 0 0 0 3 0 0 0 486
0 0 0 1 0 4 1248 11 2 0 0 0 0 28 0 1 150 0 4 1617 560 0 0 111 316 64 371 6724 0 844 0 0 742 1 0 0 4115 0 33 0 0 0 0 0 7 4 74 0 426 1 0 0 0 0 151 0 83 18 0 27
0 7281 0 0 0 0 0 0 0 66 81 2891 2 0 0 0 0 10 0 2 0 0 0 0 812 1446 0 0 19 3549 0 0 2 0 3 0 2689 0 3963 2 0 0 11 6 0 0 1 2 0 0 101 0 257 0 0 0 0 0 5 0
90 411 15 0 0 0 1293 289 4946 313 2 14 0 0 0 68 0 2 0 4429 0 0 0 1 0 1 0 168 0 123 5577 2 7 0 0 0 0 0 0 0 10 0 0 0 301 0 0 841 0 0 0 0 0 0 350 0 98 0 494 602
0 0 809 3 206 0 272 0 0 0 35 0 0 0 3090 1 3440 0 0 17 38 24 0 1582 126 0 0 0 28 0 71 270 564 0 0 0 727 232 55 2 2 341 0 89 8 0 0 1288 55 0 0 0 0 1 0 2127 0 0 0 0
0 0 0 15 0 1250 0 26 0 0 2 1 0 127 3639 0 124 0 0 538 0 0 851 0 0 0 0 56 0 470 0 19 0 0 46 0 0 0 0 2575 0 0 0 75 0 0 106 36 1319 0 0 0 0 0 809 0 0 3912 74 0