30
0 85 89 833 718 832 893 711 807 881 755 878 815 302 315 347 325 341 331 331 309 333 325 328 316 329 325 321 324 303
85 0 32 916 801 916 976 794 889 964 839 962 897 269 279 313 291 302 304 298 274 303 293 292 280 289 287 284 288 272
89 32 0 920 806 919 981 799 895 968 840 966 904 300 310 344 322 332 336 329 305 335 325 323 311 320 318 315 319 303
833 916 920 0 116 40 60 125 41 55 116 46 53 978 992 1000 988 1016 970 991 985 981 981 999 989 1011 1000 997 993 972
718 801 806 116 0 127 177 10 89 169 106 162 101 863 877 886 873 901 856 876 870 867 866 884 874 896 885 882 878 857
832 916 919 40 127 0 73 137 75 51 91 61 91 988 1003 1012 999 1027 983 1002 996 993 992 1010 1000 1022 1011 1008 1004 983
893 976 981 60 177 73 0 185 93 30 164 15 94 1036 1050 1058 1046 1074 1028 1049 1044 1039 1039 1057 1048 1069 1058 1055 1051 1030
711 794 799 125 10 137 185 0 96 178 115 170 106 853 867 876 863 892 847 867 861 858 857 875 865 886 876 873 869 848
807 889 895 41 89 75 93 96 0 95 127 80 20 943 957 965 953 981 935 956 951 946 946 964 955 976 965 962 958 937
881 964 968 55 169 51 30 178 95 0 141 27 102 1032 1046 1054 1042 1070 1025 1045 1039 1036 1035 1053 1043 1065 1054 1051 1047 1026
755 839 840 116 106 91 164 115 127 141 0 151 146 928 943 955 940 968 926 944 936 936 934 951 941 962 951 948 945 923
878 962 966 46 162 61 15 170 80 27 151 0 82 1022 1036 1044 1032 1060 1014 1035 1030 1025 1025 1043 1034 1055 1044 1041 1037 1016
815 897 904 53 101 91 94 106 20 102 146 82 0 946 960 967 955 983 937 958 954 948 948 966 958 979 968 965 961 940
302 269 300 978 863 988 1036 853 943 1032 928 1022 946 0 15 45 23 43 42 29 8 36 26 26 14 34 24 21 21 8
315 279 310 992 877 1003 1050 867 957 1046 943 1036 960 15 0 35 16 28 41 21 7 32 23 13 3 19 10 6 10 20
347 313 344 1000 886 1012 1058 876 965 1054 955 1044 967 45 35 0 22 26 30 16 40 19 24 23 33 34 29 31 25 44
325 291 322 988 873 999 1046 863 953 1042 940 1032 955 23 16 22 0 28 27 6 18 17 9 12 13 26 16 15 7 22
341 302 332 1016 901 1027 1074 892 981 1070 968 1060 983 43 28 26 28 0 51 26 35 39 36 17 29 12 18 22 23 46
331 304 336 970 856 983 1028 847 935 1025 926 1014 937 42 41 30 27 51 0 26 41 12 19 38 39 53 42 42 34 35
331 298 329 991 876 1002 1049 867 956 1045 944 1035 958 29 21 16 6 26 26 0 24 14 10 13 19 27 18 18 11 28
309 274 305 985 870 996 1044 861 951 1039 936 1030 954 8 7 40 18 35 41 24 0 34 24 19 6 26 17 13 15 14
333 303 335 981 867 993 1039 858 946 1036 936 1025 948 36 32 19 17 39 12 14 34 0 10 26 30 41 31 31 24 32
325 293 325 981 866 992 1039 857 946 1035 934 1025 948 26 23 24 9 36 19 10 24 10 0 20 20 35 24 23 16 22
328 292 323 999 884 1010 1057 875 964 1053 951 1043 966 26 13 23 12 17 38 13 19 26 20 0 13 15 6 8 6 29
316 280 311 989 874 1000 1048 865 955 1043 941 1034 958 14 3 33 13 29 39 19 6 30 20 13 0 21 11 7 8 18
329 289 320 1011 896 1022 1069 886 976 1065 962 1055 979 34 19 34 26 12 53 27 26 41 35 15 21 0 11 14 19 39
325 287 318 1000 885 1011 1058 876 965 1054 951 1044 968 24 10 29 16 18 42 18 17 31 24 6 11 11 0 4 8 28
321 284 315 997 882 1008 1055 873 962 1051 948 1041 965 21 6 31 15 22 42 18 13 31 23 8 7 14 4 0 8 25
324 288 319 993 878 1004 1051 869 958 1047 945 1037 961 21 10 25 7 23 34 11 15 24 16 6 8 19 8 8 0 23
303 272 303 972 857 983 1030 848 937 1026 923 1016 940 8 20 44 22 46 35 28 14 32 22 29 18 39 28 25 23 0
0 0 264 1 0 0 1 0 8 0 0 0 29 0 5 52 0 0 0 0 147 0 0 0 0 0 16 42 1 0
16 0 0 0 0 0 0 36 0 0 0 0 6 0 835 2 2 0 0 0 0 8 0 0 713 15 37 0 0 0
0 101 0 132 832 18 0 0 149 7722 0 0 528 0 9 3 0 0 1089 623 66 0 0 0 118 0 0 0 0 0
347 0 678 0 0 0 0 0 0 0 0 0 3068 0 0 2622 862 202 0 0 0 828 0 0 0 0 0 760 17 0
2916 0 0 0 0 0 0 0 0 0 0 175 0 2569 0 361 11 2711 1 0 0 6664 6 95 0 0 0 38 327 0
7 76 1360 0 3016 0 977 0 21 2421 0 25 548 0 22 92 79 0 304 0 0 10 95 0 0 2313 0 3514 6 62
39 0 3621 1 0 0 0 1 0 113 0 10 0 0 46 0 155 0 2 2 0 0 0 6496 0 3 104 2142 0 7270
0 7574 0 0 1475 4 1 0 0 3539 0 2978 0 0 0 0 4 672 0 0 0 0 884 0 0 15 0 0 122 840
6545 309 1 0 2001 0 6706 0 0 914 1302 0 0 0 12 0 0 0 4 8 0 0 0 1021 85 0 0 4350 116 306
0 17 225 3 0 6 4563 0 0 0 24 0 0 824 0 4 0 0 355 0 2 219 7697 11 0 59 0 804 0 0
0 0 0 0 0 14 0 0 0 0 0 5789 0 1 0 1165 0 1 2 0 21 0 525 1080 0 0 0 49 309 0
0 0 0 0 2909 0 0 769 20 1725 0 0 0 205 0 33 0 1 0 0 1 0 9 874 0 0 0 1 1 0
33 2022 3 0 35 0 275 0 0 5966 0 13 0 5 19 0 0 38 3571 0 0 0 1060 2276 114 5 0 915 0 0
432 5937 0 4420 940 2 0 0 466 1 0 1117 0 0 0 0 0 4 273 2 0 2 609 0 0 0 0 165 5030 8
0 219 0 0 0 0 0 0 70 7888 0 0 0 0 0 11 0 0 0 0 1626 3338 0 5083 91 0 0 5297 0 44
0 1392 0 0 2184 0 447 0 0 5 0 0 0 0 0 0 3450 3 115 0 4 0 53 37 994 0 0 3713 438 9
0 4748 11 0 0 3749 0 0 0 28 17 2636 4651 770 8 0 0 4132 0 0 0 153 131 6344 0 0 0 79 7269 0
0 0 1266 353 0 6573 0 0 0 0 0 0 10 1 0 1 0 0 866 0 0 0 0 0 0 0 5 4353 0 0
0 0 48 0 0 6153 6 0 0 0 0 0 2 0 1005 0 0 31 0 0 0 0 1 6536 440 128 21 0 0 0
18 0 3 3 0 0 0 0 2164 0 302 52 23 33 0 803 3283 156 461 0 0 0 0 0 161 0 2352 2603 0 78
0 7293 1 0 4 0 71 7 0 825 17 813 65 1 11 174 4204 17 0 2817 0 1721 1 0 64 62 0 18 8 0
114 0 0 0 1055 0 2938 0 0 0 7403 0 1511 0 1447 1867 4 827 0 893 381 0 17 39 95 5697 916 1237 406 0
1650 0 3531 0 0 985 259 1140 0 630 172 0 123 16 0 0 0 0 307 0 88 0 0 0 0 6892 0 0 1798 4
0 24 0 30 0 2629 0 0 962 179 500 0 36 752 1 0 0 714 15 0 0 167 0 0 2 0 157 0 3195 1467
14 25 12 543 24 883 299 3 0 0 0 0 0 2154 16 1521 0 0 0 0 9 0 0 6859 0 12 2 0 4390 226
28 249 0 0 653 0 0 12 0 0 0 1 0 0 1910 7154 110 284 1 0 0 0 0 0 0 0 0 369 0 0
0 7 0 5345 0 7 1 0 0 0 0 61 1 3681 0 2 6602 0 0 0 715 0 0 1 226 0 0 3 0 0
1 0 0 1 12 11 0 0 0 0 2 0 0 0 0 0 0 0 0 0 1024 1 1 0 0 8 5 0 37 0
0 0 0 0 0 0 0 1 0 0 4 0 1762 0 0 8 0 0 54 599 4 57 0 3051 136 0 0 1 0 2056
0 0 0 0 0 0 0 253 1 0 0 0 0 0 0 0 1 0 0 0 8 0 0 0 2 0 98 1 2 0