30
0 64 51 3 95 13 54 71 64 7 62 20 49 22 20 24 83 86 92 58 8 9 66 95 83 42 26 88 93 65
64 0 28 89 7 20 5 43 0 63 46 19 72 45 33 36 14 2 82 55 77 1 24 61 71 91 87 31 70 19
51 28 0 50 56 28 70 51 47 18 54 88 94 37 18 83 64 21 2 35 58 83 22 89 3 10 81 0 61 25
3 89 50 0 84 70 44 51 58 94 92 70 26 98 23 23 23 26 15 54 50 77 81 1 39 57 94 21 20 93
95 7 56 84 0 93 37 74 40 14 56 86 51 54 83 50 36 21 55 95 6 71 12 88 16 3 22 85 88 64
13 20 28 70 93 0 65 4 5 96 8 96 10 51 16 57 67 35 78 47 56 56 63 61 5 86 97 55 51 36
54 5 70 44 37 65 0 66 97 83 94 92 89 3 47 12 49 27 19 47 91 46 47 96 82 97 69 99 84 30
71 43 51 51 74 4 66 0 95 56 59 94 82 2 88 43 95 24 71 10 60 17 77 52 74 58 63 47 17 97
64 0 47 58 40 5 97 95 0 51 23 48 85 66 57 23 23 81 6 17 71 36 51 60 0 48 64 18 18 30
7 63 18 94 14 96 83 56 51 0 25 43 51 99 41 47 17 91 42 25 84 29 9 49 93 10 28 93 14 80
62 46 54 92 56 8 94 59 23 25 0 76 43 68 44 0 18 86 85 91 20 21 44 78 4 61 98 63 48 99
20 19 88 70 86 96 92 94 48 43 76 0 54 45 29 41 73 82 32 18 38 20 52 89 26 42 55 14 58 68
49 72 94 26 51 10 89 82 85 51 43 54 0 3 59 34 55 53 96 36 36 63 99 69 70 53 20 9 30 80
22 45 37 98 54 51 3 2 66 99 68 45 3 0 37 23 23 65 62 18 67 65 5 65 58 1 67 82 90 29
20 33 18 23 83 16 47 88 57 41 44 29 59 37 0 66 35 53 26 51 28 35 68 20 71 60 70 68 27 85
24 36 83 23 50 57 12 43 23 47 0 41 34 23 66 0 86 9 26 7 7 97 83 56 61 8 94 34 89 61
83 14 64 23 36 67 49 95 23 17 18 73 55 23 35 86 0 7 44 37 78 25 98 17 25 21 27 67 23 61
86 2 21 26 21 35 27 24 81 91 86 82 53 65 53 9 7 0 86 28 30 92 49 83 89 44 37 62 45 22
92 82 2 15 55 78 19 71 6 42 85 32 96 62 26 26 44 86 0 72 69 46 2 56 70 77 33 48 59 81
58 55 35 54 95 47 47 10 17 25 91 18 36 18 51 7 37 28 72 0 4 42 29 79 39 33 76 81 10 10
8 77 58 50 6 56 91 60 71 84 20 38 36 67 28 7 78 30 69 4 0 54 67 24 76 37 98 96 20 14
9 1 83 77 71 56 46 17 36 29 21 20 63 65 35 97 25 92 46 42 54 0 69 76 1 13 2 21 25 44
66 24 22 81 12 63 47 77 51 9 44 52 99 5 68 83 98 49 2 29 67 69 0 76 29 90 42 87 36 42
95 61 89 1 88 61 96 52 60 49 78 89 69 65 20 56 17 83 56 79 24 76 76 0 33 22 43 29 82 83
83 71 3 39 16 5 82 74 0 93 4 26 70 58 71 61 25 89 70 39 76 1 29 33 0 10 20 85 5 39
42 91 10 57 3 86 97 58 48 10 61 42 53 1 60 8 21 44 77 33 37 13 90 22 10 0 20 1 63 58
26 87 81 94 22 97 69 63 64 28 98 55 20 67 70 94 27 37 33 76 98 2 42 43 20 20 0 86 66 98
88 31 0 21 85 55 99 47 18 93 63 14 9 82 68 34 67 62 48 81 96 21 87 29 85 1 86 0 32 29
93 70 61 20 88 51 84 17 18 14 48 58 30 90 27 89 23 45 59 10 20 25 36 82 5 63 66 32 0 91
65 19 25 93 64 36 30 97 30 80 99 68 80 29 85 61 61 22 81 10 14 44 42 83 39 58 98 29 91 0
0 21 95 82 56 41 6 25 10 4 63 6 44 40 75 79 0 89 35 9 1 85 84 12 0 26 91 11 35 82
21 0 21 76 72 44 85 94 90 51 3 48 29 90 66 41 15 83 96 74 45 65 40 54 83 14 71 77 36 53
95 21 0 75 76 40 66 58 30 68 78 91 13 59 49 85 84 8 38 41 56 39 53 77 50 30 58 55 19 85
82 76 75 0 42 36 43 7 84 6 0 0 48 62 59 29 94 82 29 3 3 51 67 39 15 66 42 23 62 62
56 72 76 42 0 71 35 14 20 74 49 50 37 79 19 51 70 42 26 79 98 60 35 9 96 70 21 37 37 67
41 44 40 36 71 0 72 59 97 46 62 12 91 63 70 1 22 49 24 58 62 49 94 92 63 13 45 22 69 70
6 85 66 43 35 72 0 56 69 53 48 74 43 94 29 64 97 38 12 99 51 87 76 71 47 47 9 71 20 81
25 94 58 7 14 59 56 0 28 81 17 58 99 90 70 17 57 37 2 37 3 43 20 68 35 60 23 48 40 10
10 90 30 84 20 97 69 28 0 95 55 53 62 22 44 86 43 43 40 36 53 34 59 43 50 58 62 43 9 22
4 51 68 6 74 46 53 81 95 0 23 3 30 12 98 69 29 61 34 53 98 94 33 77 31 54 71 78 8 78
63 3 78 0 49 62 48 17 55 23 0 90 87 80 20 66 59 93 79 80 28 68 99 54 69 99 1 49 63 23
6 48 91 0 50 12 74 58 53 3 90 0 44 8 52 59 48 85 29 94 79 4 85 31 54 95 75 81 11 56
44 29 13 48 37 91 43 99 62 30 87 44 0 72 32 64 18 79 23 56 63 2 78 3 32 3 2 18 89 50
40 90 59 62 79 63 94 90 22 12 80 8 72 0 81 55 12 28 79 62 63 11 56 0 10 34 1 75 62 33
75 66 49 59 19 70 29 70 44 98 20 52 32 81 0 99 7 62 58 49 93 47 53 34 39 8 86 18 52 4
79 41 85 29 51 1 64 17 86 69 66 59 64 55 99 0 79 24 41 29 7 26 71 36 18 57 16 28 1 24
0 15 84 94 70 22 97 57 43 29 59 48 18 12 7 79 0 20 15 75 56 89 93 60 37 44 41 76 25 6
89 83 8 82 42 49 38 37 43 61 93 85 79 28 62 24 20 0 47 55 29 74 7 30 64 45 13 7 96 98
35 96 38 29 26 24 12 2 40 34 79 29 23 79 58 41 15 47 0 29 27 80 10 78 55 72 49 31 63 37
9 74 41 3 79 58 99 37 36 53 80 94 56 62 49 29 75 55 29 0 42 34 46 71 12 80 15 81 21 54
1 45 56 3 98 62 51 3 53 98 28 79 63 63 93 7 56 29 27 42 0 0 90 9 2 79 37 54 71 49
85 65 39 51 60 49 87 43 34 94 68 4 2 11 47 26 89 74 80 34 0 0 28 21 91 9 49 75 37 35
84 40 53 67 35 94 76 20 59 33 99 85 78 56 53 71 93 7 10 46 90 28 0 22 84 57 73 6 1 19
12 54 77 39 9 92 71 68 43 77 54 31 3 0 34 36 60 30 78 71 9 21 22 0 88 43 17 27 56 4
0 83 50 15 96 63 47 35 50 31 69 54 32 10 39 18 37 64 55 12 2 91 84 88 0 44 24 42 35 90
26 14 30 66 70 13 47 60 58 54 99 95 3 34 8 57 44 45 72 80 79 9 57 43 44 0 18 19 69 69
91 71 58 42 21 45 9 23 62 71 1 75 2 1 86 16 41 13 49 15 37 49 73 17 24 18 0 12 48 71
11 77 55 23 37 22 71 48 43 78 49 81 18 75 18 28 76 7 31 81 54 75 6 27 42 19 12 0 56 80
35 36 19 62 37 69 20 40 9 8 63 11 89 62 52 1 25 96 63 21 71 37 1 56 35 69 48 56 0 41
82 53 85 62 67 70 81 10 22 78 23 56 50 33 4 24 6 98 37 54 49 35 19 4 90 69 71 80 41 0