60
0 108 42 115 104 114 71 131 113 47 59 149 65 895 854 874 841 846 869 800 817 1116 1004 1045 1095 1097 1724 1665 1697 1669 1695 1065 1106 1124 1053 1122 1102 1079 1102 1106 1087 1066 1105 1092 1061 1141 1140 1132 1138 1090 1047 1129 587 618 581 574 661 599 599 655
108 0 67 183 80 147 114 89 131 78 50 238 158 983 942 956 926 926 956 886 907 1220 1103 1148 1194 1197 1831 1771 1803 1775 1801 1162 1201 1222 1150 1218 1196 1174 1198 1202 1184 1161 1200 1192 1162 1239 1237 1230 1237 1189 1146 1230 688 721 681 675 762 702 701 755
42 67 0 129 74 109 66 98 100 37 23 177 100 932 891 910 878 880 906 837 855 1158 1044 1086 1135 1138 1765 1706 1738 1710 1736 1104 1145 1164 1093 1162 1141 1118 1142 1146 1127 1105 1144 1132 1102 1181 1180 1172 1179 1131 1087 1170 628 659 621 615 702 640 640 695
115 183 129 0 119 53 69 137 72 157 152 67 159 936 895 926 888 900 913 846 856 1119 1019 1048 1110 1113 1705 1648 1679 1657 1679 1086 1130 1144 1075 1145 1129 1105 1128 1130 1108 1092 1129 1106 1073 1158 1160 1149 1154 1107 1063 1140 603 627 599 591 674 609 612 674
104 80 74 119 0 72 57 27 53 110 82 184 169 999 957 979 945 950 973 904 921 1211 1102 1139 1193 1196 1809 1751 1783 1758 1782 1165 1206 1224 1154 1223 1203 1180 1204 1207 1187 1167 1206 1190 1159 1240 1240 1231 1237 1190 1146 1226 685 714 679 672 758 695 696 754
114 147 109 53 72 0 44 86 20 144 128 120 172 978 936 964 928 938 954 886 898 1169 1067 1098 1158 1161 1758 1700 1732 1709 1731 1132 1176 1191 1122 1192 1174 1151 1174 1176 1155 1138 1175 1154 1122 1206 1207 1197 1202 1155 1111 1188 650 676 645 638 722 657 660 720
71 114 66 69 57 44 0 82 42 100 87 129 133 952 910 935 900 907 927 859 873 1156 1049 1084 1140 1143 1752 1694 1726 1701 1725 1113 1155 1172 1102 1172 1153 1130 1153 1156 1136 1116 1155 1137 1105 1188 1188 1179 1184 1137 1093 1173 632 660 626 619 705 641 643 701
131 89 98 137 27 86 82 0 66 133 103 204 196 1026 984 1005 972 977 1000 931 948 1237 1129 1165 1220 1223 1834 1776 1808 1783 1806 1191 1233 1251 1181 1250 1230 1207 1230 1234 1214 1194 1233 1217 1185 1267 1266 1258 1264 1216 1172 1253 712 740 706 698 784 721 723 780
113 131 100 72 53 20 42 66 0 137 118 140 175 989 947 974 938 947 965 897 910 1185 1081 1114 1173 1175 1776 1718 1750 1727 1749 1146 1189 1205 1136 1205 1187 1164 1187 1190 1169 1151 1189 1169 1137 1220 1221 1212 1216 1169 1126 1204 665 691 659 652 736 672 675 734
47 78 37 157 110 144 100 133 137 0 31 196 80 907 866 882 851 852 880 810 830 1142 1025 1071 1116 1119 1755 1696 1728 1698 1725 1084 1124 1144 1072 1141 1119 1096 1120 1125 1107 1083 1122 1114 1084 1161 1159 1153 1160 1111 1068 1152 611 643 603 597 685 624 624 677
59 50 23 152 82 128 87 103 118 31 0 200 108 938 897 913 882 883 911 842 861 1170 1054 1098 1145 1148 1781 1721 1753 1724 1751 1114 1154 1174 1102 1170 1149 1126 1150 1155 1136 1113 1152 1143 1113 1191 1189 1182 1189 1141 1097 1181 639 671 632 626 713 652 652 706
149 238 177 67 184 120 129 204 140 196 200 0 168 886 845 881 841 857 864 799 806 1056 960 985 1050 1053 1638 1581 1613 1592 1612 1028 1073 1086 1018 1088 1073 1049 1072 1073 1050 1036 1073 1046 1013 1099 1102 1090 1094 1048 1004 1079 546 568 542 534 615 549 554 617
65 158 100 159 169 172 133 196 175 80 108 168 0 832 791 810 777 781 806 736 755 1062 946 991 1037 1039 1676 1616 1648 1618 1646 1005 1045 1065 994 1062 1041 1018 1042 1046 1028 1005 1044 1034 1004 1082 1080 1073 1080 1032 989 1073 531 564 524 517 605 544 544 597
895 983 932 936 999 978 952 1026 989 907 938 886 832 0 41 96 72 124 35 101 81 400 241 354 298 299 1033 967 997 937 989 240 255 293 225 273 238 220 245 258 257 212 250 304 297 319 302 312 329 285 257 354 360 363 360 370 315 374 362 296
854 942 891 895 957 936 910 984 947 866 897 845 791 41 0 96 51 114 30 65 41 415 255 364 321 322 1056 990 1021 963 1013 266 287 322 252 305 272 253 277 290 285 244 283 326 315 347 332 340 355 309 277 376 322 326 321 331 280 337 324 259
874 956 910 926 979 964 935 1005 974 882 913 881 810 96 96 0 55 36 69 92 124 494 336 449 389 390 1122 1057 1087 1024 1078 329 337 378 315 355 316 302 325 341 345 296 332 396 391 405 385 399 417 375 350 446 387 400 384 394 358 407 393 333
841 926 878 888 945 928 900 972 938 851 882 841 777 72 51 55 0 64 37 43 71 465 305 415 368 369 1103 1037 1068 1008 1060 311 327 365 296 345 309 292 316 330 329 284 322 374 364 391 374 384 400 355 325 423 336 347 333 343 304 355 341 280
846 926 880 900 950 938 907 977 947 852 883 857 781 124 114 36 64 0 92 87 133 523 364 475 420 421 1155 1089 1119 1058 1111 361 371 412 347 389 351 336 359 375 378 330 366 427 421 439 419 432 450 407 381 477 376 393 371 381 353 398 383 326
869 956 906 913 973 954 927 1000 965 880 911 864 806 35 30 69 37 92 0 70 68 431 272 383 332 333 1067 1001 1032 972 1024 274 290 328 260 308 272 255 279 293 292 247 285 338 330 354 337 347 363 319 290 388 348 354 346 356 308 364 351 287
800 886 837 846 904 886 859 931 897 810 842 799 736 101 65 92 43 87 70 0 56 473 314 418 384 385 1117 1052 1082 1026 1075 330 351 386 316 370 336 317 342 354 349 308 347 388 375 411 397 404 419 372 339 438 295 308 292 302 267 315 301 241
817 907 855 856 921 898 873 948 910 830 861 806 755 81 41 124 71 133 68 56 0 419 261 363 335 336 1065 1000 1031 976 1024 283 310 342 269 328 298 277 302 312 304 267 307 338 323 365 353 358 371 324 289 387 281 286 280 290 241 296 283 219
1116 1220 1158 1119 1211 1169 1156 1237 1185 1142 1170 1056 1062 400 415 494 465 523 431 473 419 0 160 71 124 126 650 585 617 570 611 182 211 171 194 204 239 234 226 206 179 229 218 112 104 152 181 149 132 139 147 79 533 499 541 546 458 518 519 471
1004 1103 1044 1019 1102 1067 1049 1129 1081 1025 1054 960 946 241 255 336 305 364 272 314 261 160 0 116 91 94 805 740 771 718 764 82 134 130 81 143 150 131 142 132 101 119 138 89 64 140 147 131 135 89 45 132 417 392 423 430 345 410 407 349
1045 1148 1086 1048 1139 1098 1084 1165 1114 1071 1098 985 991 354 364 449 415 475 383 418 363 71 116 0 127 129 716 651 683 639 678 168 211 181 176 210 236 224 224 206 175 216 217 114 85 172 196 167 155 138 123 112 461 427 469 475 387 447 447 400
1095 1194 1135 1110 1193 1158 1140 1220 1173 1116 1145 1050 1037 298 321 389 368 420 332 384 335 124 91 127 0 3 735 670 700 642 692 61 87 55 75 84 115 110 102 82 55 106 94 13 47 52 70 44 44 15 49 57 508 483 514 521 436 501 498 440
1097 1197 1138 1113 1196 1161 1143 1223 1175 1119 1148 1053 1039 299 322 390 369 421 333 385 336 126 94 129 3 0 734 669 699 640 691 61 86 52 75 82 114 109 101 81 54 106 93 15 50 49 67 41 41 15 51 57 511 486 517 524 439 504 501 443
1724 1831 1765 1705 1809 1758 1752 1834 1776 1755 1781 1638 1676 1033 1056 1122 1103 1155 1067 1117 1065 650 805 716 735 734 0 66 37 123 50 793 789 745 808 772 813 823 803 784 778 827 795 729 742 718 740 724 706 748 778 680 1162 1122 1172 1175 1090 1142 1146 1108
1665 1771 1706 1648 1751 1700 1694 1776 1718 1696 1721 1581 1616 967 990 1057 1037 1089 1001 1052 1000 585 740 651 670 669 66 0 32 81 32 728 723 680 742 707 748 758 737 719 712 762 730 664 677 652 675 658 640 682 713 614 1100 1061 1110 1113 1028 1080 1084 1045
1697 1803 1738 1679 1783 1732 1726 1808 1750 1728 1753 1613 1648 997 1021 1087 1068 1119 1032 1082 1031 617 771 683 700 699 37 32 0 89 15 758 753 709 772 736 777 787 767 748 742 792 759 694 708 682 704 688 670 712 743 645 1132 1093 1142 1145 1060 1112 1116 1077
1669 1775 1710 1657 1758 1709 1701 1783 1727 1698 1724 1592 1618 937 963 1024 1008 1058 972 1026 976 570 718 639 642 640 123 81 89 0 74 697 688 646 712 670 711 723 701 683 680 728 694 637 654 619 639 625 609 653 687 589 1096 1058 1105 1109 1022 1077 1080 1037
1695 1801 1736 1679 1782 1731 1725 1806 1749 1725 1751 1612 1646 989 1013 1078 1060 1111 1024 1075 1024 611 764 678 692 691 50 32 15 74 0 750 744 700 764 727 768 778 757 739 734 783 750 687 701 673 695 679 661 705 736 637 1129 1089 1138 1142 1056 1109 1113 1073
1065 1162 1104 1086 1165 1132 1113 1191 1146 1084 1114 1028 1005 240 266 329 311 361 274 330 283 182 82 168 61 61 793 728 758 697 750 0 52 60 14 63 70 56 60 50 23 48 56 71 85 82 75 74 89 47 46 118 482 461 487 495 413 479 474 412
1106 1201 1145 1130 1206 1176 1155 1233 1189 1124 1154 1073 1045 255 287 337 327 371 290 351 310 211 134 211 87 86 789 723 753 688 744 52 0 46 57 18 29 35 16 5 36 43 7 100 126 73 48 70 90 74 96 136 527 508 531 539 459 525 519 456
1124 1222 1164 1144 1224 1191 1172 1251 1205 1144 1174 1086 1065 293 322 378 365 412 328 386 342 171 130 181 55 52 745 680 709 646 700 60 46 0 73 34 74 79 62 41 38 82 53 67 100 28 17 24 44 46 85 93 541 518 546 554 470 536 532 471
1053 1150 1093 1075 1154 1122 1102 1181 1136 1072 1102 1018 994 225 252 315 296 347 260 316 269 194 81 176 75 75 808 742 772 712 764 14 57 73 0 70 69 51 62 56 35 41 59 84 94 96 87 88 103 61 52 132 472 452 477 485 403 470 464 402
1122 1218 1162 1145 1223 1192 1172 1250 1205 1141 1170 1088 1062 273 305 355 345 389 308 370 328 204 143 210 84 82 772 707 736 670 727 63 18 34 70 0 42 53 31 16 42 62 23 97 127 59 32 58 78 72 102 127 542 522 546 555 473 540 534 472
1102 1196 1141 1129 1203 1174 1153 1230 1187 1119 1149 1073 1041 238 272 316 309 351 272 336 298 239 150 236 115 114 813 748 777 711 768 70 29 74 69 42 0 23 13 34 61 37 21 128 151 101 74 98 118 101 117 165 527 510 530 539 460 527 520 456
1079 1174 1118 1105 1180 1151 1130 1207 1164 1096 1126 1049 1018 220 253 302 292 336 255 317 277 234 131 224 110 109 823 758 787 723 778 56 35 79 51 53 23 0 25 39 55 14 30 122 140 106 84 102 122 95 102 164 503 487 507 516 437 504 497 433
1102 1198 1142 1128 1204 1174 1153 1230 1187 1120 1150 1072 1042 245 277 325 316 359 279 342 302 226 142 224 102 101 803 737 767 701 757 60 16 62 62 31 13 25 0 21 49 36 9 115 139 89 63 85 106 88 106 152 525 508 529 538 458 525 519 455
1106 1202 1146 1130 1207 1176 1156 1234 1190 1125 1155 1073 1046 258 290 341 330 375 293 354 312 206 132 206 82 81 784 719 748 683 739 50 5 41 56 16 34 39 21 0 33 46 13 95 122 68 44 64 85 69 92 131 527 507 531 539 458 525 519 456
1087 1184 1127 1108 1187 1155 1136 1214 1169 1107 1136 1050 1028 257 285 345 329 378 292 349 304 179 101 175 55 54 778 712 742 680 734 23 36 38 35 42 61 55 49 33 0 53 43 67 90 62 52 55 72 40 60 109 505 484 510 518 435 501 496 435
1066 1161 1105 1092 1167 1138 1116 1194 1151 1083 1113 1036 1005 212 244 296 284 330 247 308 267 229 119 216 106 106 827 762 792 728 783 48 43 82 41 62 37 14 36 46 53 0 40 117 133 110 90 104 123 91 93 162 490 473 494 502 423 490 483 419
1105 1200 1144 1129 1206 1175 1155 1233 1189 1122 1152 1073 1044 250 283 332 322 366 285 347 307 218 138 217 94 93 795 730 759 694 750 56 7 53 59 23 21 30 9 13 43 40 0 107 132 80 55 77 97 81 101 144 527 508 531 539 459 525 519 456
1092 1192 1132 1106 1190 1154 1137 1217 1169 1114 1143 1046 1034 304 326 396 374 427 338 388 338 112 89 114 13 15 729 664 694 637 687 71 100 67 84 97 128 122 115 95 67 117 107 0 37 62 82 54 50 27 50 50 505 479 511 518 433 497 494 437
1061 1162 1102 1073 1159 1122 1105 1185 1137 1084 1113 1013 1004 297 315 391 364 421 330 375 323 104 64 85 47 50 742 677 708 654 701 85 126 100 94 127 151 140 139 122 90 133 132 37 0 98 116 91 86 55 43 69 474 446 481 487 401 465 463 407
1141 1239 1181 1158 1240 1206 1188 1267 1220 1161 1191 1099 1082 319 347 405 391 439 354 411 365 152 140 172 52 49 718 652 682 619 673 82 73 28 96 59 101 106 89 68 62 110 80 62 98 0 30 9 20 51 95 73 556 532 561 569 484 550 546 486
1140 1237 1180 1160 1240 1207 1188 1266 1221 1159 1189 1102 1080 302 332 385 374 419 337 397 353 181 147 196 70 67 740 675 704 639 695 75 48 17 87 32 74 84 63 44 52 90 55 82 116 30 0 31 50 63 102 102 557 535 562 569 487 553 548 487
1132 1230 1172 1149 1231 1197 1179 1258 1212 1153 1182 1090 1073 312 340 399 384 432 347 404 358 149 131 167 44 41 724 658 688 625 679 74 70 24 88 58 98 102 85 64 55 104 77 54 91 9 31 0 20 42 86 71 547 523 552 560 475 541 537 478
1138 1237 1179 1154 1237 1202 1184 1264 1216 1160 1189 1094 1080 329 355 417 400 450 363 419 371 132 135 155 44 41 706 640 670 609 661 89 90 44 103 78 118 122 106 85 72 123 97 50 86 20 50 20 0 49 92 52 552 527 558 565 480 545 542 484
1090 1189 1131 1107 1190 1155 1137 1216 1169 1111 1141 1048 1032 285 309 375 355 407 319 372 324 139 89 138 15 15 748 682 712 653 705 47 74 46 61 72 101 95 88 69 40 91 81 27 55 51 63 42 49 0 44 72 505 480 511 518 433 499 495 436
1047 1146 1087 1063 1146 1111 1093 1172 1126 1068 1097 1004 989 257 277 350 325 381 290 339 289 147 45 123 49 51 778 713 743 687 736 46 96 85 52 102 117 102 106 92 60 93 101 50 43 95 102 86 92 44 0 99 461 436 467 474 389 455 451 392
1129 1230 1170 1140 1226 1188 1173 1253 1204 1152 1181 1079 1073 354 376 446 423 477 388 438 387 79 132 112 57 57 680 614 645 589 637 118 136 93 132 127 165 164 152 131 109 162 144 50 69 73 102 71 52 72 99 0 542 513 549 555 469 532 530 476
587 688 628 603 685 650 632 712 665 611 639 546 531 360 322 387 336 376 348 295 281 533 417 461 508 511 1162 1100 1132 1096 1129 482 527 541 472 542 527 503 525 527 505 490 527 505 474 556 557 547 552 505 461 542 0 46 12 13 74 33 19 71
618 721 659 627 714 676 660 740 691 643 671 568 564 363 326 400 347 393 354 308 286 499 392 427 483 486 1122 1061 1093 1058 1089 461 508 518 452 522 510 487 508 507 484 473 508 479 446 532 535 523 527 480 436 513 46 0 57 57 50 19 27 68
581 681 621 599 679 645 626 706 659 603 632 542 524 360 321 384 333 371 346 292 280 541 423 469 514 517 1172 1110 1142 1105 1138 487 531 546 477 546 530 507 529 531 510 494 531 511 481 561 562 552 558 511 467 549 12 57 0 10 82 44 31 75
574 675 615 591 672 638 619 698 652 597 626 534 517 370 331 394 343 381 356 302 290 546 430 475 521 524 1175 1113 1145 1109 1142 495 539 554 485 555 539 516 538 539 518 502 539 518 487 569 569 560 565 518 474 555 13 57 10 0 88 41 30 83
661 762 702 674 758 722 705 784 736 685 713 615 605 315 280 358 304 353 308 267 241 458 345 387 436 439 1090 1028 1060 1022 1056 413 459 470 403 473 460 437 458 458 435 423 459 433 401 484 487 475 480 433 389 469 74 50 82 88 0 66 62 32
599 702 640 609 695 657 641 721 672 624 652 549 544 374 337 407 355 398 364 315 296 518 410 447 501 504 1142 1080 1112 1077 1109 479 525 536 470 540 527 504 525 525 501 490 525 497 465 550 553 541 545 499 455 532 33 19 44 41 66 0 16 77
599 701 640 612 696 660 643 723 675 624 652 554 544 362 324 393 341 383 351 301 283 519 407 447 498 501 1146 1084 1116 1080 1113 474 519 532 464 534 520 497 519 519 496 483 519 494 463 546 548 537 542 495 451 530 19 27 31 30 62 16 0 67
655 755 695 674 754 720 701 780 734 677 706 617 597 296 259 333 280 326 287 241 219 471 349 400 440 443 1108 1045 1077 1037 1073 412 456 471 402 472 456 433 455 456 435 419 456 437 407 486 487 478 484 436 392 476 71 68 75 83 32 77 67 0
0 0 0 3 0 120 0 280 179 392 1 0 0 0 0 0 1 0 394 0 0 47 59 736 184 0 0 0 3 0 0 3 0 6 0 269 1 0 1 0 867 86 0 212 0 1 0 1 899 0 0 32 362 0 40 0 32 0 212 0
0 0 0 0 0 172 0 0 0 0 0 439 0 319 0 0 9 0 408 4 0 0 4 0 0 0 0 662 7 6 4 0 0 6888 277 0 1 18 4 46 47 0 0 120 0 121 0 0 0 3 0 6855 0 3 0 0 5640 0 0 1707
0 16 0 6 0 0 0 3141 0 513 503 0 177 0 0 0 0 0 0 20 241 2 18 1546 0 0 0 0 1291 8 0 43 0 0 4 0 0 402 0 0 0 0 0 12 1 1 7215 0 1 0 0 0 0 0 0 92 3271 826 1819 0
0 6 0 0 0 0 2 0 4 233 11 0 0 0 2018 1254 0 0 0 3 0 7030 0 6 0 1807 0 0 0 0 38 2161 0 0 0 0 0 0 0 0 0 60 1 6669 0 0 0 0 0 20 148 1 13 0 0 0 410 262 7919 0
140 0 8 0 0 163 0 0 40 0 396 2 0 0 1 4802 0 0 0 57 0 172 0 0 0 0 0 0 920 0 8 0 9 0 379 0 1 0 0 0 2 80 0 0 0 36 42 0 4667 0 122 0 1760 5 1 37 1 0 137 0
1 0 943 0 0 0 0 0 271 0 7942 13 0 0 0 1 0 0 0 0 2 1054 198 5135 0 0 0 0 0 59 649 25 0 2612 0 5 0 13 0 0 7474 0 0 207 0 460 146 460 89 0 0 0 0 0 0 0 5290 0 347 18
399 0 0 3068 8088 1 0 70 4220 0 14 0 0 73 0 0 0 0 3 0 1423 0 4 0 0 0 0 3293 0 1 0 0 724 2337 0 5054 0 76 0 0 0 0 0 597 0 2793 0 0 0 0 0 500 0 26 0 0 0 0 0 957
0 0 0 0 0 102 1 0 0 0 0 0 2765 0 20 0 48 0 66 0 1 0 0 65 0 0 0 15 20 35 2 1 0 1222 1 0 2 0 0 0 0 64 0 6096 2 365 35 10 2 265 0 0 0 0 69 0 1399 0 853 4239
3 33 0 717 725 1039 1027 0 0 2 0 3365 2 0 0 4591 2587 6 0 1275 0 1 75 332 0 0 0 510 0 0 18 0 4 0 0 0 74 2470 0 0 0 0 3447 0 543 0 0 0 764 0 0 0 18 0 0 0 0 0 0 0
14 0 44 1226 0 442 0 3766 12 0 0 0 0 0 1 17 2232 0 0 0 0 0 0 0 1 444 0 1 4 0 16 0 2 0 0 0 5 1221 4842 1 0 660 3 0 973 0 1505 0 0 0 1 0 0 670 0 0 107 0 167 0
0 1566 0 0 0 62 0 0 0 7111 0 0 0 0 0 0 0 13 17 2571 5911 0 0 0 671 0 0 899 0 0 5 0 0 0 1785 0 2 15 0 0 0 2 8 2728 0 0 0 28 0 1 0 0 3821 39 3951 0 0 0 20 0
0 75 210 1 2 0 0 7 0 0 0 0 0 0 0 1 0 21 1 0 846 7249 1631 0 0 0 0 0 2 0 9 0 1185 0 40 0 0 0 0 0 0 495 1858 0 0 0 0 0 560 0 0 0 0 0 0 0 202 0 76 0
0 0 0 1 2 0 2 0 0 137 481 0 0 6 0 18 0 2 0 5 0 0 0 5 0 1013 0 0 0 6 11 0 0 558 0 1817 337 0 0 0 4 0 34 0 1 0 98 1186 22 0 0 0 14 766 0 0 0 1 2927 5779
0 1 0 0 1 0 0 199 1 1 237 0 39 0 0 0 0 0 0 0 0 0 0 5 111 5 106 0 0 0 0 30 0 3928 167 0 1 162 0 0 0 0 2197 7691 0 0 5156 3 4364 0 0 1 1189 0 0 0 1 0 346 2564
0 22 0 0 34 0 0 0 0 52 21 0 0 0 0 0 0 0 7362 45 4 12 0 16 0 31 0 0 1171 0 0 0 549 3 6610 0 0 0 489 0 0 22 35 67 607 0 0 9 36 38 0 0 0 426 1 0 0 348 97 54
170 517 2981 6186 25 0 30 4137 0 1122 19 0 0 0 0 0 0 0 113 3 1 6685 0 85 461 0 9 0 0 6250 2 7451 583 0 4 0 0 0 0 0 165 675 215 8 0 36 0 24 0 0 1100 0 8 0 1 1 165 0 0 0
0 0 0 665 0 2 0 1 0 1 0 1 27 8 2 0 0 0 0 0 0 0 734 10 2 368 0 0 0 0 0 0 11 17 0 3423 6 0 0 236 0 5029 0 765 5 33 0 0 4 1210 0 43 206 0 0 4032 169 128 0 3091
57 1 952 1685 0 1601 0 50 0 5539 0 1 0 0 0 0 17 0 12 0 0 55 0 2397 0 0 6937 0 0 1 0 0 0 0 1155 0 1562 0 2876 40 0 3 1652 0 2406 0 85 0 23 0 1697 0 0 0 0 0 85 79 0 2
2049 181 55 117 9 0 0 0 184 0 0 0 0 1 9 81 7233 0 0 0 0 0 0 0 0 121 0 0 0 0 3 12 1037 0 0 428 2 0 0 104 0 2 0 0 0 36 1 0 212 0 0 0 0 1316 0 0 0 4073 0 9
0 0 1083 185 0 134 0 0 0 2 52 0 1389 0 0 736 97 0 0 0 1464 1 0 1 1106 488 1256 19 0 0 18 0 0 6 0 35 1371 302 2 50 1 0 556 1 0 0 1841 0 0 0 0 32 3457 0 0 0 23 0 0 0
0 0 23 0 1 338 20 1 0 974 197 0 0 0 0 0 103 0 3178 1511 0 1905 201 3833 0 0 24 0 0 0 0 0 1 0 0 0 6 0 9 0 0 0 0 0 0 0 0 0 3 0 95 0 21 18 637 0 0 4790 0 0
483 0 9 0 0 10 0 0 0 0 2 4 36 0 0 1 0 29 0 0 0 0 0 0 0 0 0 1 69 20 191 706 227 0 154 3 42 11 0 7384 0 0 0 33 0 2 5 270 34 0 0 1 0 1430 0 0 0 0 6917 0
280 0 2 146 0 0 0 70 0 0 7 0 0 0 5160 0 0 588 0 0 61 0 0 426 0 1 6064 1 3252 2 0 1 0 0 6392 23 1 628 0 1 95 0 503 0 4 0 0 5 0 0 7 0 2 6344 6206 0 0 0 0 0
0 0 0 339 0 0 0 44 831 0 1185 0 0 0 2386 206 0 40 0 1057 452 0 0 0 0 537 5 117 1 0 13 87 1 0 9 0 104 0 11 0 1727 0 0 0 5 1 0 0 0 1348 2794 1 0 0 187 1 15 0 4706 346
871 246 0 0 0 0 31 0 0 924 0 0 584 820 39 0 0 0 0 0 17 0 9 0 0 327 19 0 2440 0 22 7 789 123 4 0 0 35 0 0 0 0 6 1 1187 1 0 1 0 0 0 0 0 0 7926 0 0 0 5151 1312
2638 1 5 8 1 4 0 0 0 0 0 5 0 1 0 1 0 0 406 0 0 453 6615 0 0 0 0 0 6 0 0 500 0 3 0 747 480 2 0 0 167 0 80 0 3013 0 0 9 3 3637 0 0 0 5 7777 1 0 0 0 617
4608 93 1 0 0 0 4 0 0 8 0 0 0 0 0 0 7 3 0 0 3 223 1 0 451 1425 0 0 785 0 151 0 0 1 0 2 0 0 0 182 0 0 984 2078 0 0 4 5599 2 0 344 0 4 4 0 0 0 148 0 116
0 47 0 2 0 5256 0 3 66 12 0 0 0 11 175 9 295 0 0 58 3549 0 0 0 0 0 0 0 0 525 0 3 456 0 1 0 0 0 771 2 7343 72 0 0 0 1 36 20 0 0 29 186 0 18 2384 0 0 95 0 0
0 0 0 0 0 0 8 0 0 0 0 0 0 0 3227 1 0 0 0 1400 0 142 0 0 0 0 0 0 0 0 0 1 0 3 0 1902 31 0 0 343 1 2 0 0 650 0 7812 0 0 0 0 17 1 0 0 0 528 0 0 0
5087 0 3 4 0 5 0 0 1065 3375 2120 201 0 0 0 0 0 3 0 0 1 0 1 0 150 106 0 0 0 0 0 5962 3 0 0 0 9 0 0 0 0 0 0 0 2335 0 5 0 0 0 1 329 42 3 0 2 2 0 0 0
2 227 0 237 0 60 1896 0 0 0 0 0 0 0 178 0 2797 0 0 27 3 3327 1408 0 0 0 0 0 240 0 0 0 170 0 0 1 8 0 1017 0 0 6 0 1 0 0 17 0 2 0 153 1 930 297 598 1433 0 0 0 0
0 0 0 1748 0 0 1182 1 0 0 27 0 835 22 4892 0 2424 0 543 27 3 0 0 0 0 0 0 0 386 2219 3 0 792 2850 74 0 262 4106 1 0 0 1 0 0 0 0 1343 0 0 0 0 0 41 0 0 0 243 1 39 0
209 0 8 0 0 0 9 59 0 275 6 0 3 0 473 0 0 1 4 17 0 0 0 6 0 1706 2 1478 303 4 0 1386 0 49 0 1 0 0 7 3 3 0 4 0 0 111 2334 0 0 130 193 0 2203 399 0 20 1061 5062 3 4
0 0 295 926 0 0 0 0 36 2063 51 38 0 0 152 1 0 0 0 0 3 0 65 2 20 0 402 0 0 35 2 0 0 0 0 1 0 0 1 0 0 0 4 1955 338 3 0 2519 0 2217 34 0 7 0 1 0 12 0 0 0
3 0 0 4 125 3 1172 25 0 304 7 0 0 380 108 0 747 0 67 0 89 5296 0 0 482 39 1 0 0 0 0 0 2 0 0 2919 0 0 1 0 100 0 8 6008 0 0 78 0 27 955 2 1727 0 1 36 427 319 44 927 0
0 0 335 0 0 0 1 38 0 0 0 4238 194 10 27 0 0 0 0 0 1 5626 0 0 33 0 0 0 1 0 0 0 0 0 4373 0 294 0 2070 0 8 2 183 0 1 129 3 0 0 0 0 0 133 487 1 0 0 16 0 7972
2 5 3139 2 5 665 0 0 0 0 1 0 0 1 0 0 24 0 0 0 0 1111 1584 0 1344 44 128 29 65 982 1 0 0 135 0 0 0 0 29 0 0 0 0 0 27 0 6315 0 919 0 15 0 0 0 0 981 2 0 0 21
0 306 27 1231 4 0 0 401 0 33 0 34 0 3 90 11 0 259 462 0 0 2 0 1 43 0 279 13 0 0 0 1 0 0 0 0 431 0 0 0 0 0 0 544 27 0 2836 433 16 1347 0 0 0 0 0 1844 0 0 397 1547
0 6 0 0 30 2 0 0 1 690 0 0 0 0 12 3258 804 0 0 0 0 0 0 407 1326 0 0 1 0 0 46 0 857 0 1 1 0 20 0 3 2 78 2 71 4 0 0 0 614 491 5707 0 7121 0 0 8 0 0 0 1
0 939 2181 0 18 0 0 0 0 0 0 4 22 0 0 2 0 30 0 0 0 1 34 16 4791 1 0 0 0 3 0 0 0 0 0 0 0 0 0 0 401 0 0 0 0 0 3034 1 914 0 0 26 0 112 6245 4802 0 4446 0 3520
0 1216 0 0 0 0 0 0 144 389 14 0 0 112 0 0 29 0 0 28 84 0 3 284 0 0 4590 108 30 0 1 133 0 0 0 5 0 3306 0 0 0 0 3345 0 0 0 87 56 10 1 0 0 2 0 3996 588 0 1 0 0
10 0 0 1 2509 0 0 3 0 1 0 1073 1 0 0 173 0 0 5823 0 0 6485 394 0 558 2554 801 0 897 0 16 0 107 0 0 34 0 0 333 0 3 0 0 22 0 0 0 1 0 485 0 0 394 171 48 0 31 3892 269 3
0 0 0 0 1 5055 0 0 0 0 5 0 0 1 0 0 1891 0 0 0 256 27 81 19 0 0 0 107 65 9 0 47 11 2 0 0 0 38 0 0 3992 0 0 0 13 0 5 0 0 0 349 0 0 30 0 2 0 1882 2 0
3460 936 0 0 0 128 0 0 102 0 106 0 14 1 0 0 0 4 0 0 0 469 0 0 0 327 0 2 0 964 5 24 0 0 5 0 170 0 0 0 1 0 0 0 0 7798 10 0 0 0 12 0 0 0 0 0 0 1 0 0
0 89 0 0 0 0 0 195 0 35 0 0 15 410 3356 0 0 1 1 0 3 0 0 0 386 20 0 0 20 0 0 0 0 0 7241 0 5639 0 5 0 0 0 0 0 0 0 0 10 42 0 0 0 0 0 186 0 0 0 27 0
60 0 0 7977 0 0 0 0 0 27 1 2240 15 0 0 3181 1 0 0 4316 14 0 5 0 0 0 34 0 0 0 0 4936 0 223 176 0 0 0 4709 0 9 0 0 2 0 0 0 7690 0 14 0 0 4522 0 26 74 0 3049 0 296
802 1 0 0 7 0 0 2 7703 0 0 0 25 145 0 0 0 0 0 17 513 0 0 515 0 179 0 0 4 1207 1 0 2 0 36 0 0 0 4255 4469 0 0 0 1 2 709 0 0 0 0 0 221 0 1 7 0 232 0 0 976
1 121 9 0 46 0 14 0 0 206 3940 0 0 1 5 0 12 0 71 0 0 30 4 2738 0 8 6081 5 5818 1249 0 0 0 0 0 2488 451 0 63 0 1 19 0 48 52 0 0 0 0 606 0 0 0 0 0 0 24 0 2 0
0 0 0 0 0 0 0 0 0 0 1 0 2 1 2774 0 1128 0 169 0 7 34 0 7903 786 0 92 1 14 0 5 0 0 0 0 0 5 0 0 0 0 347 0 338 0 1501 778 0 0 0 125 0 1137 0 0 3 0 0 1 0
591 0 174 3 0 125 4 0 0 48 0 0 0 0 0 3 4582 0 0 0 0 12 0 0 105 0 8027 120 27 0 10 3 36 0 873 0 109 0 0 0 9 4 324 0 0 0 1 0 0 0 0 684 69 0 0 189 0 0 1 0
1 4 0 0 121 0 2 0 9 0 2 0 717 124 3 2792 0 43 6342 35 0 7 478 0 1748 0 0 1905 3264 0 591 264 0 4407 3 404 0 0 12 1 5797 0 0 0 0 106 25 0 2 1224 0 36 1933 0 0 0 1361 7318 0 0
0 0 0 34 1 1637 1383 0 0 0 0 0 0 0 0 0 0 269 387 15 151 1 0 0 0 0 40 0 0 0 6 2 168 6300 22 0 978 1 0 110 0 0 0 41 0 0 0 53 0 11 0 0 0 0 1358 0 0 258 1738 10
0 0 273 0 7724 0 0 7659 1551 0 1229 282 3 0 2 0 0 0 0 40 492 0 0 0 0 0 1420 0 0 0 6 717 863 2 0 0 0 0 0 1 556 1 1654 0 0 0 362 320 52 0 18 31 0 0 0 0 0 0 0 0
0 64 0 0 1675 0 0 2123 1 0 0 0 1 46 0 3 0 269 9 0 26 0 0 0 111 0 0 9 0 0 278 4 0 0 1 44 3 1 4616 0 39 207 8 906 0 146 1468 5 2332 0 7548 29 0 0 0 5 7 0 209 5
0 0 19 8 257 0 0 0 0 43 0 0 0 0 6443 624 2460 0 0 1 312 0 0 0 0 0 195 296 0 0 0 3 0 860 11 5 1 7875 0 0 0 0 28 0 2 0 2515 0 0 0 0 66 1 0 0 1012 0 102 0 0
0 0 17 963 0 67 0 0 0 0 0 0 0 166 13 0 0 0 0 0 0 0 5448 11 5614 3 212 56 1 0 0 2479 0 22 3359 0 0 173 0 0 6 0 0 0 0 7593 0 87 0 1 2 130 0 237 0 0 0 0 0 0
160 0 72 0 304 0 18 0 0 0 2280 0 0 1618 0 0 7 4 0 6152 1 2 6 2 0 0 14 7067 0 458 0 34 0 0 458 1719 8 0 344 0 0 0 7922 15 919 0 0 216 154 1741 0 2322 0 0 0 35 0 23 106 0
4 0 1001 0 29 0 239 22 0 2 0 0 107 0 0 2 32 0 0 0 0 0 7866 0 0 124 204 0 0 0 3607 3 0 16 5299 0 0 25 4 0 0 0 569 318 0 0 0 0 0 56 0 0 49 9 29 0 0 0 7 1
0 0 70 1 2 0 597 0 0 76 0 0 0 1 3 0 0 0 1719 0 16 0 6180 7658 275 0 0 0 1 0 0 0 0 0 0 64 0 0 0 1763 87 0 5 0 7 0 0 0 9 0 101 0 18 794 5993 2 0 2164 0 0
0 5620 0 666 2 0 0 0 686 9 0 32 42 0 0 0 0 646 63 0 1 0 28 0 0 0 1 408 214 0 179 695 0 895 3004 137 0 0 0 0 0 2 44 1 0 0 0 0 1844 0 0 0 0 0 0 2411 70 0 1 0