30
0 79 71 7 70 35 96 47 30 32 23 35 39 56 80 28 78 62 81 80 13 85 26 5 62 3 26 46 91 49
79 0 98 76 40 70 43 41 79 88 14 49 72 89 52 55 12 7 31 31 98 45 59 22 87 6 36 26 85 6
71 98 0 83 16 40 23 10 67 58 30 4 4 39 58 31 92 11 53 97 56 53 64 77 51 36 52 18 53 86
7 76 83 0 95 51 84 18 5 90 69 61 57 4 75 3 37 27 3 80 24 14 91 48 55 9 62 70 76 99
70 40 16 95 0 74 87 12 10 40 42 93 69 79 12 23 72 37 81 82 87 25 5 89 67 70 30 89 29 68
35 70 40 51 74 0 11 58 17 45 19 52 44 92 75 95 32 9 44 1 62 62 82 28 28 94 19 41 80 94
96 43 23 84 87 11 0 16 78 10 15 88 81 92 45 61 38 28 94 86 22 0 55 91 67 91 3 60 38 24
47 41 10 18 12 58 16 0 15 77 27 23 15 77 36 15 31 46 21 81 27 70 89 54 96 62 46 60 18 97
30 79 67 5 10 17 78 15 0 38 4 91 28 21 27 38 30 45 17 93 57 85 57 97 9 78 93 1 87 16
32 88 58 90 40 45 10 77 38 0 9 87 21 30 8 42 91 26 2 74 99 63 83 70 84 83 12 84 45 19
23 14 30 69 42 19 15 27 4 9 0 28 70 81 95 11 98 56 46 69 17 47 96 14 18 57 44 25 29 97
35 49 4 61 93 52 88 23 91 87 28 0 12 67 56 23 24 70 46 65 28 63 80 81 29 10 58 92 20 5
39 72 4 57 69 44 81 15 28 21 70 12 0 22 54 83 93 21 79 44 22 62 95 39 50 99 19 82 84 85
56 89 39 4 79 92 92 77 21 30 81 67 22 0 47 25 60 37 17 5 21 31 21 21 3 87 72 25 15 35
80 52 58 75 12 75 45 36 27 8 95 56 54 47 0 91 13 69 80 16 74 72 84 18 85 11 97 74 85 76
28 55 31 3 23 95 61 15 38 42 11 23 83 25 91 0 79 97 5 66 86 3 86 99 13 1 30 69 75 87
78 12 92 37 72 32 38 31 30 91 98 24 93 60 13 79 0 38 21 50 28 19 14 31 80 9 5 90 58 90
62 7 11 27 37 9 28 46 45 26 56 70 21 37 69 97 38 0 73 81 72 19 22 0 44 48 8 63 38 46
81 31 53 3 81 44 94 21 17 2 46 46 79 17 80 5 21 73 0 15 84 18 81 45 78 84 93 25 31 95
80 31 97 80 82 1 86 81 93 74 69 65 44 5 16 66 50 81 15 0 32 26 48 17 28 67 15 59 62 96
13 98 56 24 87 62 22 27 57 99 17 28 22 21 74 86 28 72 84 32 0 64 57 33 90 78 66 84 70 81
85 45 53 14 25 62 0 70 85 63 47 63 62 31 72 3 19 19 18 26 64 0 67 94 44 32 37 31 72 98
26 59 64 91 5 82 55 89 57 83 96 80 95 21 84 86 14 22 81 48 57 67 0 87 90 31 71 80 22 33
5 22 77 48 89 28 91 54 97 70 14 81 39 21 18 99 31 0 45 17 33 94 87 0 76 85 30 23 64 96
62 87 51 55 67 28 67 96 9 84 18 29 50 3 85 13 80 44 78 28 90 44 90 76 0 84 58 11 54 17
3 6 36 9 70 94 91 62 78 83 57 10 99 87 11 1 9 48 84 67 78 32 31 85 84 0 1 61 36 13
26 36 52 62 30 19 3 46 93 12 44 58 19 72 97 30 5 8 93 15 66 37 71 30 58 1 0 80 38 87
46 26 18 70 89 41 60 60 1 84 25 92 82 25 74 69 90 63 25 59 84 31 80 23 11 61 80 0 63 4
91 85 53 76 29 80 38 18 87 45 29 20 84 15 85 75 58 38 31 62 70 72 22 64 54 36 38 63 0 8
49 6 86 99 68 94 24 97 16 19 97 5 85 35 76 87 90 46 95 96 81 98 33 96 17 13 87 4 8 0
0 21 95 82 56 41 6 25 10 4 63 6 44 40 75 79 0 89 35 9 1 85 84 12 0 26 91 11 35 82
21 0 40 93 56 1 50 4 36 27 85 2 1 15 11 35 11 20 21 61 80 58 21 76 72 44 85 94 90 51
95 40 0 87 67 94 79 2 10 99 56 70 99 60 4 56 2 60 72 74 46 13 20 86 4 77 15 89 48 14
82 93 87 0 56 39 53 77 50 30 58 55 19 85 52 34 53 40 69 12 85 72 7 49 46 87 58 17 68 27
56 56 67 56 0 97 33 35 61 42 36 43 7 84 6 0 0 48 62 59 29 94 82 29 3 3 51 67 39 15
41 1 94 39 97 0 37 49 61 5 34 53 96 82 48 28 31 75 1 95 7 92 69 62 32 97 5 39 50 82
6 50 79 53 33 37 0 52 26 90 26 1 68 93 7 94 19 54 37 0 20 12 11 66 84 80 1 55 9 21
25 4 2 77 35 49 52 0 63 70 1 22 49 24 58 62 49 94 92 63 13 45 22 69 70 18 1 44 32 3
10 36 10 50 61 61 26 63 0 41 67 12 33 1 71 72 26 86 67 67 24 10 46 56 56 69 53 48 74 43
4 27 99 30 42 5 90 70 41 0 46 52 22 33 68 52 28 75 99 6 85 65 47 90 24 79 70 28 19 87
63 85 56 58 36 34 26 1 67 46 0 43 20 68 35 60 23 48 40 10 42 83 82 27 49 15 34 50 42 26
6 2 70 55 43 53 1 22 12 52 43 0 60 81 37 42 3 17 25 37 26 88 95 55 53 62 22 44 86 43
44 1 99 19 7 96 68 49 33 22 20 60 0 64 49 46 19 60 93 35 47 69 54 87 12 39 33 54 12 10
40 15 60 85 84 82 93 24 1 33 68 81 64 0 31 54 71 78 8 78 50 76 56 80 72 26 20 57 39 68
75 11 4 52 6 48 7 58 71 68 35 37 49 31 0 28 22 78 55 89 11 99 84 56 30 90 87 80 20 66
79 35 56 34 0 28 94 62 72 52 60 42 46 54 28 0 61 87 34 28 55 63 10 78 17 90 0 66 62 30
0 11 2 53 0 31 19 49 26 28 23 3 19 71 22 61 0 85 31 54 95 75 81 11 56 38 95 37 67 54
89 20 60 40 48 75 54 94 86 75 48 17 60 78 78 87 85 0 37 27 53 88 84 63 1 26 18 85 59 24
35 21 72 69 62 1 37 92 67 99 40 25 93 8 55 34 31 37 0 53 87 31 36 99 98 38 97 26 31 60
9 61 74 12 59 95 0 63 67 6 10 37 35 78 89 28 54 27 53 0 55 12 28 79 62 63 11 56 0 10
1 80 46 85 29 7 20 13 24 85 42 26 47 50 11 55 95 53 87 55 0 83 0 16 67 2 5 98 73 47
85 58 13 72 94 92 12 45 10 65 83 88 69 76 99 63 75 88 31 12 83 0 4 95 3 80 9 3 5 26
84 21 20 7 82 69 11 22 46 47 82 95 54 56 84 10 81 84 36 28 0 4 0 80 35 17 45 51 26 54
12 76 86 49 29 62 66 69 56 90 27 55 87 80 56 78 11 63 99 79 16 95 80 0 30 0 86 73 15 81
0 72 4 46 3 32 84 70 56 24 49 53 12 72 30 17 56 1 98 62 67 3 35 30 0 63 5 20 27 20
26 44 77 87 3 97 80 18 69 79 15 62 39 26 90 90 38 26 38 63 2 80 17 0 63 0 48 84 15 45
91 85 15 58 51 5 1 1 53 70 34 22 33 20 87 0 95 18 97 11 5 9 45 86 5 48 0 29 74 7
11 94 89 17 67 39 55 44 48 28 50 44 54 57 80 66 37 85 26 56 98 3 51 73 20 84 29 0 84 4
35 90 48 68 39 50 9 32 74 19 42 86 12 39 20 62 67 59 31 0 73 5 26 15 27 15 74 84 0 55
82 51 14 27 15 82 21 3 43 87 26 43 10 68 66 30 54 24 60 10 47 26 54 81 20 45 7 4 55 0