30
0 108 42 115 104 114 71 131 113 47 59 149 65 895 854 874 841 846 869 800 817 1116 1004 1045 1095 1097 1724 1665 1697 1669
108 0 67 183 80 147 114 89 131 78 50 238 158 983 942 956 926 926 956 886 907 1220 1103 1148 1194 1197 1831 1771 1803 1775
42 67 0 129 74 109 66 98 100 37 23 177 100 932 891 910 878 880 906 837 855 1158 1044 1086 1135 1138 1765 1706 1738 1710
115 183 129 0 119 53 69 137 72 157 152 67 159 936 895 926 888 900 913 846 856 1119 1019 1048 1110 1113 1705 1648 1679 1657
104 80 74 119 0 72 57 27 53 110 82 184 169 999 957 979 945 950 973 904 921 1211 1102 1139 1193 1196 1809 1751 1783 1758
114 147 109 53 72 0 44 86 20 144 128 120 172 978 936 964 928 938 954 886 898 1169 1067 1098 1158 1161 1758 1700 1732 1709
71 114 66 69 57 44 0 82 42 100 87 129 133 952 910 935 900 907 927 859 873 1156 1049 1084 1140 1143 1752 1694 1726 1701
131 89 98 137 27 86 82 0 66 133 103 204 196 1026 984 1005 972 977 1000 931 948 1237 1129 1165 1220 1223 1834 1776 1808 1783
113 131 100 72 53 20 42 66 0 137 118 140 175 989 947 974 938 947 965 897 910 1185 1081 1114 1173 1175 1776 1718 1750 1727
47 78 37 157 110 144 100 133 137 0 31 196 80 907 866 882 851 852 880 810 830 1142 1025 1071 1116 1119 1755 1696 1728 1698
59 50 23 152 82 128 87 103 118 31 0 200 108 938 897 913 882 883 911 842 861 1170 1054 1098 1145 1148 1781 1721 1753 1724
149 238 177 67 184 120 129 204 140 196 200 0 168 886 845 881 841 857 864 799 806 1056 960 985 1050 1053 1638 1581 1613 1592
65 158 100 159 169 172 133 196 175 80 108 168 0 832 791 810 777 781 806 736 755 1062 946 991 1037 1039 1676 1616 1648 1618
895 983 932 936 999 978 952 1026 989 907 938 886 832 0 41 96 72 124 35 101 81 400 241 354 298 299 1033 967 997 937
854 942 891 895 957 936 910 984 947 866 897 845 791 41 0 96 51 114 30 65 41 415 255 364 321 322 1056 990 1021 963
874 956 910 926 979 964 935 1005 974 882 913 881 810 96 96 0 55 36 69 92 124 494 336 449 389 390 1122 1057 1087 1024
841 926 878 888 945 928 900 972 938 851 882 841 777 72 51 55 0 64 37 43 71 465 305 415 368 369 1103 1037 1068 1008
846 926 880 900 950 938 907 977 947 852 883 857 781 124 114 36 64 0 92 87 133 523 364 475 420 421 1155 1089 1119 1058
869 956 906 913 973 954 927 1000 965 880 911 864 806 35 30 69 37 92 0 70 68 431 272 383 332 333 1067 1001 1032 972
800 886 837 846 904 886 859 931 897 810 842 799 736 101 65 92 43 87 70 0 56 473 314 418 384 385 1117 1052 1082 1026
817 907 855 856 921 898 873 948 910 830 861 806 755 81 41 124 71 133 68 56 0 419 261 363 335 336 1065 1000 1031 976
1116 1220 1158 1119 1211 1169 1156 1237 1185 1142 1170 1056 1062 400 415 494 465 523 431 473 419 0 160 71 124 126 650 585 617 570
1004 1103 1044 1019 1102 1067 1049 1129 1081 1025 1054 960 946 241 255 336 305 364 272 314 261 160 0 116 91 94 805 740 771 718
1045 1148 1086 1048 1139 1098 1084 1165 1114 1071 1098 985 991 354 364 449 415 475 383 418 363 71 116 0 127 129 716 651 683 639
1095 1194 1135 1110 1193 1158 1140 1220 1173 1116 1145 1050 1037 298 321 389 368 420 332 384 335 124 91 127 0 3 735 670 700 642
1097 1197 1138 1113 1196 1161 1143 1223 1175 1119 1148 1053 1039 299 322 390 369 421 333 385 336 126 94 129 3 0 734 669 699 640
1724 1831 1765 1705 1809 1758 1752 1834 1776 1755 1781 1638 1676 1033 1056 1122 1103 1155 1067 1117 1065 650 805 716 735 734 0 66 37 123
1665 1771 1706 1648 1751 1700 1694 1776 1718 1696 1721 1581 1616 967 990 1057 1037 1089 1001 1052 1000 585 740 651 670 669 66 0 32 81
1697 1803 1738 1679 1783 1732 1726 1808 1750 1728 1753 1613 1648 997 1021 1087 1068 1119 1032 1082 1031 617 771 683 700 699 37 32 0 89
1669 1775 1710 1657 1758 1709 1701 1783 1727 1698 1724 1592 1618 937 963 1024 1008 1058 972 1026 976 570 718 639 642 640 123 81 89 0
0 0 0 3 0 120 0 280 179 392 1 0 0 0 0 0 1 0 394 0 0 47 59 736 184 0 0 0 3 0
0 0 0 0 0 172 0 0 0 0 0 439 0 319 0 0 9 0 408 4 0 0 4 0 0 0 0 662 7 6
0 16 0 6 0 0 0 3141 0 513 503 0 177 0 0 0 0 0 0 20 241 2 18 1546 0 0 0 0 1291 8
0 6 0 0 0 0 2 0 4 233 11 0 0 0 2018 1254 0 0 0 3 0 7030 0 6 0 1807 0 0 0 0
140 0 8 0 0 163 0 0 40 0 396 2 0 0 1 4802 0 0 0 57 0 172 0 0 0 0 0 0 920 0
1 0 943 0 0 0 0 0 271 0 7942 13 0 0 0 1 0 0 0 0 2 1054 198 5135 0 0 0 0 0 59
399 0 0 3068 8088 1 0 70 4220 0 14 0 0 73 0 0 0 0 3 0 1423 0 4 0 0 0 0 3293 0 1
0 0 0 0 0 102 1 0 0 0 0 0 2765 0 20 0 48 0 66 0 1 0 0 65 0 0 0 15 20 35
3 33 0 717 725 1039 1027 0 0 2 0 3365 2 0 0 4591 2587 6 0 1275 0 1 75 332 0 0 0 510 0 0
14 0 44 1226 0 442 0 3766 12 0 0 0 0 0 1 17 2232 0 0 0 0 0 0 0 1 444 0 1 4 0
0 1566 0 0 0 62 0 0 0 7111 0 0 0 0 0 0 0 13 17 2571 5911 0 0 0 671 0 0 899 0 0
0 75 210 1 2 0 0 7 0 0 0 0 0 0 0 1 0 21 1 0 846 7249 1631 0 0 0 0 0 2 0
0 0 0 1 2 0 2 0 0 137 481 0 0 6 0 18 0 2 0 5 0 0 0 5 0 1013 0 0 0 6
0 1 0 0 1 0 0 199 1 1 237 0 39 0 0 0 0 0 0 0 0 0 0 5 111 5 106 0 0 0
0 22 0 0 34 0 0 0 0 52 21 0 0 0 0 0 0 0 7362 45 4 12 0 16 0 31 0 0 1171 0
170 517 2981 6186 25 0 30 4137 0 1122 19 0 0 0 0 0 0 0 113 3 1 6685 0 85 461 0 9 0 0 6250
0 0 0 665 0 2 0 1 0 1 0 1 27 8 2 0 0 0 0 0 0 0 734 10 2 368 0 0 0 0
57 1 952 1685 0 1601 0 50 0 5539 0 1 0 0 0 0 17 0 12 0 0 55 0 2397 0 0 6937 0 0 1
2049 181 55 117 9 0 0 0 184 0 0 0 0 1 9 81 7233 0 0 0 0 0 0 0 0 121 0 0 0 0
0 0 1083 185 0 134 0 0 0 2 52 0 1389 0 0 736 97 0 0 0 1464 1 0 1 1106 488 1256 19 0 0
0 0 23 0 1 338 20 1 0 974 197 0 0 0 0 0 103 0 3178 1511 0 1905 201 3833 0 0 24 0 0 0
483 0 9 0 0 10 0 0 0 0 2 4 36 0 0 1 0 29 0 0 0 0 0 0 0 0 0 1 69 20
280 0 2 146 0 0 0 70 0 0 7 0 0 0 5160 0 0 588 0 0 61 0 0 426 0 1 6064 1 3252 2
0 0 0 339 0 0 0 44 831 0 1185 0 0 0 2386 206 0 40 0 1057 452 0 0 0 0 537 5 117 1 0
871 246 0 0 0 0 31 0 0 924 0 0 584 820 39 0 0 0 0 0 17 0 9 0 0 327 19 0 2440 0
2638 1 5 8 1 4 0 0 0 0 0 5 0 1 0 1 0 0 406 0 0 453 6615 0 0 0 0 0 6 0
4608 93 1 0 0 0 4 0 0 8 0 0 0 0 0 0 7 3 0 0 3 223 1 0 451 1425 0 0 785 0
0 47 0 2 0 5256 0 3 66 12 0 0 0 11 175 9 295 0 0 58 3549 0 0 0 0 0 0 0 0 525
0 0 0 0 0 0 8 0 0 0 0 0 0 0 3227 1 0 0 0 1400 0 142 0 0 0 0 0 0 0 0
5087 0 3 4 0 5 0 0 1065 3375 2120 201 0 0 0 0 0 3 0 0 1 0 1 0 150 106 0 0 0 0