40
0 34 67 83 76 93 37 64 23 46 81 25 51 50 35 932 926 903 948 456 547 502 488 542 526 435 531 518 536 559 555 889 913 903 1190 1259 1214 1153 1187 1232
34 0 100 114 108 127 68 89 56 79 115 9 44 79 19 943 938 913 957 430 520 480 466 517 500 412 509 494 514 537 535 918 940 930 1212 1280 1232 1173 1207 1252
67 100 0 55 49 42 54 38 44 28 37 91 111 28 94 935 925 906 953 496 589 535 521 581 567 470 560 554 567 590 583 848 876 865 1167 1237 1198 1134 1169 1211
83 114 55 0 8 29 47 91 65 45 22 108 103 76 118 879 869 850 897 537 628 580 566 623 607 514 606 597 613 636 630 807 833 822 1117 1186 1145 1082 1117 1160
76 108 49 8 0 29 40 84 58 37 19 100 99 69 111 886 876 857 904 529 621 572 558 615 599 506 599 589 605 628 622 815 841 830 1124 1194 1153 1090 1124 1168
93 127 42 29 29 0 63 80 72 48 13 119 125 69 126 898 888 870 917 537 630 577 563 622 608 512 602 595 609 632 625 806 835 823 1126 1195 1157 1093 1128 1170
37 68 54 47 40 63 0 72 27 26 51 61 62 54 73 903 895 874 919 493 584 539 525 579 564 472 567 555 572 595 591 852 876 865 1154 1223 1179 1118 1152 1196
64 89 38 91 84 80 72 0 49 51 74 79 115 17 77 969 960 940 987 460 553 497 484 545 531 433 522 516 529 552 545 885 914 902 1205 1275 1235 1172 1207 1249
23 56 44 65 58 72 27 49 0 24 60 48 69 32 54 930 922 900 946 471 563 515 501 557 542 449 542 532 548 571 566 873 898 887 1179 1248 1205 1144 1178 1222
46 79 28 45 37 48 26 51 24 0 36 71 85 34 78 918 910 889 936 493 585 535 522 579 564 470 562 553 568 591 586 850 877 866 1161 1230 1189 1126 1161 1204
81 115 37 22 19 13 51 74 60 36 0 107 112 62 115 899 889 870 917 528 620 569 555 614 599 504 595 587 601 624 618 815 843 831 1131 1200 1161 1098 1132 1175
25 9 91 108 100 119 61 79 48 71 107 0 48 69 15 944 938 914 959 434 525 483 468 521 504 415 512 497 516 540 537 913 936 925 1209 1278 1231 1171 1205 1250
51 44 111 103 99 125 62 115 69 85 112 48 0 100 62 899 895 870 914 465 553 518 503 551 534 449 548 531 552 575 574 890 910 900 1175 1243 1193 1135 1168 1214
50 79 28 76 69 69 54 17 32 34 62 69 100 0 70 953 944 924 970 468 561 507 494 553 539 443 533 526 540 563 556 876 904 892 1192 1261 1221 1158 1193 1236
35 19 94 118 111 126 73 77 54 78 115 15 62 70 0 959 954 930 974 421 512 468 454 507 491 401 497 484 502 525 522 924 948 938 1224 1292 1246 1186 1220 1265
932 943 935 879 886 898 903 969 930 918 899 944 899 953 959 0 48 29 37 1337 1410 1402 1387 1418 1398 1332 1436 1408 1436 1459 1464 627 559 571 474 513 400 395 411 467
926 938 925 869 876 888 895 960 922 910 889 938 895 944 954 48 0 55 85 1339 1415 1402 1387 1421 1401 1333 1436 1410 1437 1460 1464 580 512 524 433 476 367 356 374 431
903 913 906 850 857 870 874 940 900 889 870 914 870 924 930 29 55 0 54 1307 1381 1372 1357 1389 1369 1303 1406 1379 1406 1430 1435 619 553 564 488 530 420 411 428 485
948 957 953 897 904 917 919 987 946 936 917 959 914 970 974 37 85 54 0 1346 1418 1412 1397 1426 1406 1342 1446 1417 1446 1469 1475 664 596 608 500 536 419 420 434 490
456 430 496 537 529 537 493 460 471 493 528 434 465 468 421 1337 1339 1307 1346 0 95 79 67 86 71 47 117 73 108 129 147 1343 1369 1358 1639 1707 1653 1598 1631 1678
547 520 589 628 621 630 584 553 563 585 620 525 553 561 512 1410 1415 1381 1418 95 0 106 108 33 27 132 127 75 109 115 147 1435 1460 1450 1725 1792 1735 1682 1714 1762
502 480 535 580 572 577 539 497 515 535 569 483 518 507 468 1402 1402 1372 1412 79 106 0 15 76 82 70 38 32 34 58 69 1382 1411 1400 1692 1760 1710 1652 1686 1732
488 466 521 566 558 563 525 484 501 522 555 468 503 494 454 1387 1387 1357 1397 67 108 15 0 81 82 55 52 38 49 73 82 1368 1398 1386 1677 1746 1696 1638 1671 1717
542 517 581 623 615 622 579 545 557 579 614 521 551 553 507 1418 1421 1389 1426 86 33 76 81 0 21 115 94 44 76 83 115 1429 1455 1444 1725 1793 1738 1683 1716 1763
526 500 567 607 599 608 564 531 542 564 599 504 534 539 491 1398 1401 1369 1406 71 27 82 82 21 0 106 107 51 89 100 130 1414 1440 1429 1707 1775 1719 1665 1698 1745
435 412 470 514 506 512 472 433 449 470 504 415 449 443 401 1332 1333 1303 1342 47 132 70 55 115 106 0 104 83 104 127 134 1318 1346 1335 1623 1692 1641 1584 1617 1663
531 509 560 606 599 602 567 522 542 562 595 512 548 533 497 1436 1436 1406 1446 117 127 38 52 94 107 104 0 56 19 32 31 1405 1436 1424 1721 1789 1741 1682 1716 1761
518 494 554 597 589 595 555 516 532 553 587 497 531 526 484 1408 1410 1379 1417 73 75 32 38 44 51 83 56 0 41 59 83 1401 1429 1418 1705 1774 1722 1665 1698 1745
536 514 567 613 605 609 572 529 548 568 601 516 552 540 502 1436 1437 1406 1446 108 109 34 49 76 89 104 19 41 0 24 41 1413 1443 1432 1725 1794 1744 1686 1720 1766
559 537 590 636 628 632 595 552 571 591 624 540 575 563 525 1459 1460 1430 1469 129 115 58 73 83 100 127 32 59 24 0 33 1435 1466 1454 1749 1817 1768 1710 1743 1789
555 535 583 630 622 625 591 545 566 586 618 537 574 556 522 1464 1464 1435 1475 147 147 69 82 115 130 134 31 83 41 33 0 1425 1458 1446 1745 1814 1767 1708 1742 1787
889 918 848 807 815 806 852 885 873 850 815 913 890 876 924 627 580 619 664 1343 1435 1382 1368 1429 1414 1318 1405 1401 1413 1435 1425 0 81 63 447 510 553 468 501 511
913 940 876 833 841 835 876 914 898 877 843 936 910 904 948 559 512 553 596 1369 1460 1411 1398 1455 1440 1346 1436 1429 1443 1466 1458 81 0 19 370 436 473 388 421 434
903 930 865 822 830 823 865 902 887 866 831 925 900 892 938 571 524 564 608 1358 1450 1400 1386 1444 1429 1335 1424 1418 1432 1454 1446 63 19 0 389 454 491 407 440 453
1190 1212 1167 1117 1124 1126 1154 1205 1179 1161 1131 1209 1175 1192 1224 474 433 488 500 1639 1725 1692 1677 1725 1707 1623 1721 1705 1725 1749 1745 447 370 389 0 70 136 82 85 66
1259 1280 1237 1186 1194 1195 1223 1275 1248 1230 1200 1278 1243 1261 1292 513 476 530 536 1707 1792 1760 1746 1793 1775 1692 1789 1774 1794 1817 1814 510 436 454 70 0 132 122 103 47
1214 1232 1198 1145 1153 1157 1179 1235 1205 1189 1161 1231 1193 1221 1246 400 367 420 419 1653 1735 1710 1696 1738 1719 1641 1741 1722 1744 1768 1767 553 473 491 136 132 0 85 55 86
1153 1173 1134 1082 1090 1093 1118 1172 1144 1126 1098 1171 1135 1158 1186 395 356 411 420 1598 1682 1652 1638 1683 1665 1584 1682 1665 1686 1710 1708 468 388 407 82 122 85 0 36 82
1187 1207 1169 1117 1124 1128 1152 1207 1178 1161 1132 1205 1168 1193 1220 411 374 428 434 1631 1714 1686 1671 1716 1698 1617 1716 1698 1720 1743 1742 501 421 440 85 103 55 36 0 57
1232 1252 1211 1160 1168 1170 1196 1249 1222 1204 1175 1250 1214 1236 1265 467 431 485 490 1678 1762 1732 1717 1763 1745 1663 1761 1745 1766 1789 1787 511 434 453 66 47 86 82 57 0
0 0 6113 7 0 15 21 12 344 0 0 1 0 0 0 4 19 0 888 2 0 519 0 13 0 0 318 0 96 1 0 0 6597 809 1 91 0 0 0 0
0 0 0 0 0 256 31 516 2 0 256 0 0 1 0 0 13 0 128 0 0 0 0 0 5497 0 1 0 0 0 0 11 1 0 0 2690 0 0 0 1
0 3 0 0 2864 0 0 0 1890 0 444 741 1 0 0 0 0 0 2171 1018 1 10 5 0 426 0 14 0 0 0 755 5046 0 34 2 0 856 2 0 0
3 0 127 0 60 0 150 0 10 1017 0 0 0 0 2789 0 1 0 0 0 6388 0 2982 0 0 291 842 0 53 0 4 8054 0 0 0 115 0 0 0 19
0 5 1 0 0 0 0 0 0 5 0 0 7775 0 0 2 262 0 5129 1 0 0 0 0 0 0 81 1975 2 1 0 0 0 5 0 35 0 1621 0 0
0 75 4 0 8 0 1483 0 0 0 0 0 13 6134 0 0 12 0 1 238 0 0 9 30 0 484 306 999 0 35 0 0 17 681 0 315 327 996 0 0
4531 2284 0 0 0 0 0 0 0 399 0 0 1365 0 15 0 0 0 0 0 4 0 37 2072 0 161 20 21 6053 0 0 690 0 0 0 2641 0 34 66 0
176 0 0 0 0 0 3078 0 1 0 0 0 0 0 0 0 0 0 15 0 41 0 2 0 0 1690 0 0 2 0 62 897 3006 1 213 0 0 168 0 305
0 12 2 0 2319 0 0 0 0 0 16 403 92 5392 371 0 1 1695 37 527 24 3699 0 0 399 0 15 303 39 0 846 24 80 1257 0 4 517 0 3 951
41 6487 0 507 3178 582 0 62 0 0 2 0 0 0 75 0 0 11 0 28 0 3952 0 71 1 560 0 0 0 152 3 259 1415 20 0 8 2 7 27 49
1 161 0 0 0 2 0 656 0 0 0 0 0 3 0 0 0 0 0 2 4530 49 0 5 0 1912 3 0 0 0 0 0 0 0 3 0 0 45 30 73
0 1 299 0 58 0 0 25 145 0 0 0 2 0 0 5 525 0 0 0 0 0 4064 384 1 0 0 0 3358 4092 0 0 19 0 793 3 0 7788 4 3407
11 0 0 2117 0 14 0 0 0 5524 0 0 0 0 0 4313 0 55 122 38 0 0 126 0 0 3607 2 0 444 625 3603 53 422 0 22 8 182 0 0 549
0 837 9 86 4 0 0 0 2943 0 3 5 0 0 2873 32 2 5 0 408 0 0 0 1761 379 0 0 0 9 8 0 0 248 0 151 1325 0 42 0 0
0 84 0 0 0 0 0 6650 4257 0 0 0 0 2598 0 0 2786 0 6734 3 0 0 0 85 0 0 0 0 81 216 0 739 233 0 46 16 0 152 2 1
2 0 1 55 0 0 8 3481 1 6273 0 3157 165 22 0 0 0 0 0 7 14 7665 0 3781 6 0 200 0 13 0 0 760 1 85 0 22 1 4716 0 53
415 0 136 0 0 248 8 0 0 114 0 5 7235 0 27 17 0 1233 1 0 0 0 0 0 0 1500 0 0 0 9 2 0 76 0 0 0 3 0 0 0
12 51 1 0 0 6 0 109 0 2560 215 1016 0 0 0 1 3 0 43 0 0 0 738 0 475 0 0 0 16 5106 0 0 0 0 1 0 58 244 143 18
1 0 0 0 3 1157 0 0 7083 0 303 863 73 0 0 163 3 0 0 28 16 0 21 0 0 9 2 0 0 889 468 0 1 0 0 1 0 0 26 1357
18 478 117 20 6 0 14 0 6 0 0 124 201 0 0 0 0 3 0 0 0 3731 0 0 20 0 10 0 0 6 0 0 0 2 0 0 0 0 0 1
1 0 0 0 2 2 1 0 1 0 1473 0 0 470 0 0 0 2 0 0 0 0 7883 6158 0 0 1063 0 1 0 3618 2783 0 23 163 0 19 0 0 0
0 0 37 0 0 0 104 0 1 0 7 0 0 0 0 2915 902 23 9 0 521 0 181 0 0 2560 190 1 0 0 0 1 965 0 0 0 0 0 6 0
296 4001 937 3114 0 0 974 418 0 0 1 0 0 57 0 4 0 317 1703 0 55 0 0 3 4 2 2344 0 0 241 0 0 0 0 0 140 10 0 0 0
0 0 0 0 0 4529 2 53 1 18 7324 70 152 0 0 0 46 1 0 6930 0 594 0 0 0 7104 0 4389 1 7 1 5 0 47 10 19 45 0 0 0
0 0 30 0 0 706 27 0 0 8 0 0 0 0 0 176 0 5424 0 1 324 0 0 0 0 0 723 8 158 0 0 111 706 14 379 0 0 0 0 1
0 3 0 0 0 0 929 0 0 18 2804 0 731 0 0 196 0 0 0 0 0 0 0 3 1795 0 0 0 0 0 0 0 0 0 0 0 0 4947 3940 0
0 1249 0 1653 0 0 72 0 0 259 0 0 1 4418 0 0 0 0 1 0 0 2 3 145 0 2258 0 0 0 15 0 0 33 0 0 2 0 99 6 0
0 7304 12 487 0 5 0 0 0 2183 0 0 0 0 18 0 0 0 1 0 0 10 7 0 0 0 1119 0 0 0 0 0 0 32 0 167 0 3352 30 3
31 5500 0 7613 0 342 0 0 22 0 0 0 0 1688 0 1918 0 6 1607 5225 70 7 139 3 0 0 6 3104 0 0 2955 0 0 0 0 0 2 0 0 0
199 1 0 1 84 2361 1956 0 0 0 0 0 0 2 3233 0 0 0 0 4134 1680 4418 11 320 0 0 10 1 0 0 0 48 828 5 1 17 37 25 0 5
0 2 0 0 1350 342 0 0 635 0 1164 13 0 2175 0 0 12 6 0 0 0 25 0 0 20 1 4050 0 0 15 0 1 0 0 0 66 158 0 1 934
4 0 3 0 0 0 0 63 0 0 4459 6 0 0 0 0 0 0 0 312 4507 297 45 2 0 0 2191 14 0 0 0 0 0 0 0 0 0 0 0 4
0 0 0 0 1 15 1 3402 471 5 0 4 326 0 0 154 35 0 908 0 0 0 0 1775 0 1 298 80 0 0 0 2 0 0 0 235 0 230 0 7
14 0 561 0 706 0 0 0 0 0 0 13 4 3 0 0 0 0 6131 1747 6590 0 1161 22 195 0 0 0 0 0 3 6955 0 0 3 46 210 7783 0 0
0 0 0 227 112 0 0 427 0 4 0 0 0 0 5 0 2 22 1 0 0 0 0 2 0 983 0 0 5 14 2451 0 0 0 0 0 129 1 8 0
0 0 0 0 0 0 0 50 0 0 0 560 0 0 0 0 4 1235 4 0 175 499 0 0 0 585 0 0 1516 0 3 0 3 0 150 0 0 1 989 0
0 18 0 0 703 0 2487 19 73 24 7213 0 0 3 2 18 4230 0 0 0 10 0 79 0 0 0 1533 0 87 3 0 1804 0 0 0 2970 0 0 0 5
0 0 1 16 0 0 64 0 1310 0 75 0 2 3884 0 2 26 2921 3 0 0 2816 3 7 0 1 130 0 0 296 1 0 0 0 0 15 2705 0 77 0
368 2478 196 0 0 1003 3 0 0 3 0 285 2033 12 0 3 1 11 11 0 24 0 0 1328 0 1 1 0 0 0 1993 2 0 0 0 3 0 7 0 0
0 3 0 1 0 0 0 15 2 4438 0 1 0 0 1 0 0 0 0 1 0 0 49 0 21 0 0 7 0 150 0 16 0 95 8071 2023 485 2395 4190 0