30
0 21 95 82 56 41 6 25 10 4 63 6 44 40 75 79 0 89 35 9 1 85 84 12 0 26 91 11 35 82
21 0 40 54 83 14 71 77 36 53 37 26 87 76 91 13 29 11 77 32 87 67 94 79 2 10 99 56 70 99
95 40 0 17 68 27 21 6 67 26 82 44 35 3 62 8 51 1 91 39 87 72 45 96 7 87 68 33 3 21
82 54 17 0 28 31 75 1 95 7 92 69 62 32 97 5 39 50 82 93 71 35 14 20 74 49 50 37 79 19
56 83 68 28 0 12 91 63 70 1 22 49 24 58 62 49 94 92 63 13 45 22 69 70 18 1 44 32 3 72
41 14 27 31 12 0 15 99 64 57 84 83 61 25 41 8 46 52 22 33 68 52 28 75 99 6 85 65 47 90
6 71 21 75 91 15 0 91 74 82 96 2 13 4 4 35 48 29 42 56 3 30 60 81 37 42 3 17 25 37
25 77 6 1 63 99 91 0 48 22 85 23 3 30 12 98 69 29 61 34 53 98 94 33 77 31 54 71 78 8
10 36 67 95 70 64 74 48 0 33 99 40 29 60 95 28 44 30 88 66 9 41 3 4 63 61 87 34 28 55
4 53 26 7 1 57 82 22 33 0 53 20 47 17 66 60 86 14 52 27 77 5 37 27 53 88 84 63 1 26
63 37 82 92 22 84 96 85 99 53 0 87 55 48 63 81 55 12 28 79 62 63 11 56 0 10 34 1 75 62
6 26 44 69 49 83 2 23 40 20 87 0 3 5 26 36 92 8 94 75 8 64 73 47 68 78 8 40 6 31
44 87 35 62 24 61 13 3 29 47 55 3 0 24 94 53 66 98 6 98 30 31 41 74 23 56 15 63 91 67
40 76 3 32 58 25 4 30 60 17 48 5 24 0 29 74 7 30 64 45 13 7 96 98 47 0 60 94 53 6
75 91 62 97 62 41 4 12 95 66 63 26 94 29 0 23 44 0 39 53 80 33 43 99 80 98 61 46 15 4
79 13 8 5 49 8 35 98 28 60 81 36 53 74 23 0 97 32 73 94 16 2 30 89 9 89 0 90 9 2
0 29 51 39 94 46 48 69 44 86 55 92 66 7 44 97 0 11 10 49 1 47 85 13 41 22 65 61 42 33
89 11 1 50 92 52 29 29 30 14 12 8 98 30 0 32 11 0 9 93 47 40 55 3 55 81 58 29 44 33
35 77 91 82 63 22 42 61 88 52 28 94 6 64 39 73 10 9 0 67 68 65 78 33 92 21 34 27 9 26
9 32 39 93 13 33 56 34 66 27 79 75 98 45 53 94 49 93 67 0 10 6 35 25 75 56 78 92 4 92
1 87 87 71 45 68 3 53 9 77 62 8 30 13 80 16 1 47 68 10 0 85 26 5 62 3 26 46 91 49
85 67 72 35 22 52 30 98 41 5 63 64 31 7 33 2 47 40 65 6 85 0 25 18 48 95 78 77 90 23
84 94 45 14 69 28 60 94 3 37 11 73 41 96 43 30 85 55 78 35 26 25 0 18 5 90 69 61 57 4
12 79 96 20 70 75 81 33 4 27 56 47 74 98 99 89 13 3 33 25 5 18 18 0 68 20 78 45 99 9
0 2 7 74 18 99 37 77 63 53 0 68 23 47 80 9 41 55 92 75 62 48 5 68 0 48 3 92 92 71
26 10 87 49 1 6 42 31 61 88 10 78 56 0 98 89 22 81 21 56 3 95 90 20 48 0 70 89 54 96
91 99 68 50 44 85 3 54 87 84 34 8 15 60 61 0 65 58 34 78 26 78 69 78 3 70 0 1 44 89
11 56 33 37 32 65 17 71 34 63 1 40 63 94 46 90 61 29 27 92 46 77 61 45 92 89 1 0 46 69
35 70 3 79 3 47 25 78 28 1 75 6 91 53 15 9 42 44 9 4 91 90 57 99 92 54 44 46 0 21
82 99 21 19 72 90 37 8 55 26 62 31 67 6 4 2 33 33 26 92 49 23 4 9 71 96 89 69 21 0
0 74 37 4 31 61 38 97 56 8 53 12 47 5 70 18 97 40 0 56 60 61 13 90 76 11 89 37 34 91
74 0 7 74 86 79 24 79 62 79 91 98 30 39 93 3 21 11 89 8 82 28 31 1 0 13 55 46 31 25
37 7 0 61 27 7 27 37 46 85 22 19 56 40 1 13 97 37 57 23 39 62 0 27 17 94 66 86 23 58
4 74 61 0 54 47 85 70 82 38 91 82 84 16 5 54 87 85 3 71 85 87 60 98 3 99 52 20 33 53
31 86 27 54 0 73 2 56 72 80 82 35 98 90 46 10 46 65 83 75 46 60 27 59 21 71 49 35 87 7
61 79 7 47 73 0 85 21 83 18 43 60 88 14 26 10 15 55 59 80 53 92 22 55 78 12 89 1 16 97
38 24 27 85 2 85 0 41 59 79 6 75 62 96 6 9 47 38 19 78 37 26 63 62 10 37 67 37 74 8
97 79 37 70 56 21 41 0 73 42 26 32 56 42 70 2 10 49 7 2 46 57 22 79 99 22 61 25 51 72
56 62 46 82 72 83 59 73 0 66 14 76 11 44 36 91 48 15 41 78 33 17 3 86 76 40 74 92 93 49
8 79 85 38 80 18 79 42 66 0 60 66 71 99 79 29 42 62 85 10 43 6 14 53 0 84 31 52 50 6
53 91 22 91 82 43 6 26 14 60 0 38 81 94 12 91 96 54 61 54 85 21 47 92 4 21 26 23 58 92
12 98 19 82 35 60 75 32 76 66 38 0 17 7 48 27 77 97 77 14 44 15 89 7 18 71 21 9 26 69
47 30 56 84 98 88 62 56 11 71 81 17 0 84 93 83 58 92 82 11 89 81 20 3 93 12 75 35 58 69
5 39 40 16 90 14 96 42 44 99 94 7 84 0 12 16 9 74 63 16 10 15 29 91 89 93 61 15 49 72
70 93 1 5 46 26 6 70 36 79 12 48 93 12 0 94 35 89 8 29 81 78 16 52 84 0 90 5 17 9
18 3 13 54 10 10 9 2 91 29 91 27 83 16 94 0 62 0 33 23 60 2 19 77 36 67 31 28 42 69
97 21 97 87 46 15 47 10 48 42 96 77 58 9 35 62 0 69 73 9 72 36 38 8 27 21 26 23 69 91
40 11 37 85 65 55 38 49 15 62 54 97 92 74 89 0 69 0 81 84 63 14 64 63 48 9 91 26 33 41
0 89 57 3 83 59 19 7 41 85 61 77 82 63 8 33 73 81 0 62 44 72 58 62 53 98 38 74 32 7
56 8 23 71 75 80 78 2 78 10 54 14 11 16 29 23 9 84 62 0 28 38 55 21 25 88 58 39 90 17
60 82 39 85 46 53 37 46 33 43 85 44 89 10 81 60 72 63 44 28 0 64 71 32 49 6 60 36 56 60
61 28 62 87 60 92 26 57 17 6 21 15 81 15 78 2 36 14 72 38 64 0 31 3 17 42 41 83 61 26
13 31 0 60 27 22 63 22 3 14 47 89 20 29 16 19 38 64 58 55 71 31 0 8 60 50 86 35 18 71
90 1 27 98 59 55 62 79 86 53 92 7 3 91 52 77 8 63 62 21 32 3 8 0 74 46 2 95 36 46
76 0 17 3 21 78 10 99 76 0 4 18 93 89 84 36 27 48 53 25 49 17 60 74 0 70 24 21 84 49
11 13 94 99 71 12 37 22 40 84 21 71 12 93 0 67 21 9 98 88 6 42 50 46 70 0 95 94 34 25
89 55 66 52 49 89 67 61 74 31 26 21 75 61 90 31 26 91 38 58 60 41 86 2 24 95 0 26 42 33
37 46 86 20 35 1 37 25 92 52 23 9 35 15 5 28 23 26 74 39 36 83 35 95 21 94 26 0 12 10
34 31 23 33 87 16 74 51 93 50 58 26 58 49 17 42 69 33 32 90 56 61 18 36 84 34 42 12 0 33
91 25 58 53 7 97 8 72 49 6 92 69 69 72 9 69 91 41 7 17 60 26 71 46 49 25 33 10 33 0